6.069506192169147329e-01 7.947395459093525849e-01 0.000000000000000000e+00 -7.947395459093525849e-01 6.069506192169147329e-01 0.000000000000000000e+00 0.000000000000000000e+00 0.000000000000000000e+00 1.000000000000000000e+00
6.069506192169032976e-01 7.947395459093612446e-01 0.000000000000000000e+00 -7.947395459093612446e-01 6.069506192169032976e-01 0.000000000000000000e+00 0.000000000000000000e+00 0.000000000000000000e+00 1.000000000000000000e+00
6.069506192169218384e-01 7.947395459093471448e-01 0.000000000000000000e+00 -7.947395459093471448e-01 6.069506192169218384e-01 0.000000000000000000e+00 0.000000000000000000e+00 0.000000000000000000e+00 1.000000000000000000e+00
6.069506192169058512e-01 7.947395459093593573e-01 0.000000000000000000e+00 -7.947395459093593573e-01 6.069506192169058512e-01 0.000000000000000000e+00 0.000000000000000000e+00 0.000000000000000000e+00 1.000000000000000000e+00
6.069506192169198400e-01 7.947395459093488101e-01 0.000000000000000000e+00 -7.947395459093488101e-01 6.069506192169198400e-01 0.000000000000000000e+00 0.000000000000000000e+00 0.000000000000000000e+00 1.000000000000000000e+00
3.705745025205229304e-01 7.667443686052071161e-01 5.241923418878509100e-01 -5.510200652952049749e-01 6.358155069544139115e-01 -5.404771306525096852e-01 -7.476974158867578657e-01 -8.855345463901662106e-02 6.581085472380376888e-01
4.181646004750644852e-01 7.176758158344579419e-01 5.568480854558766069e-01 -5.937588025710316408e-01 6.798819845518508931e-01 -4.303614428027345840e-01 -6.874509810007871646e-01 -1.506715316447748976e-01 7.104289114843748143e-01
5.963148104432588470e-01 2.612872049310188682e-01 7.590373135659116421e-01 -3.334465189238561278e-01 9.407365450735597490e-01 -6.187222139720543329e-02 -7.302205597376608681e-01 -2.162030279676908084e-01 6.481004434761782340e-01
5.679140845918360103e-01 -6.837249574097133131e-02 8.202431312411996300e-01 1.911001511967894417e-01 9.802653988290538356e-01 -5.060118645921352770e-02 -8.005962307772759301e-01 1.854857128855662840e-01 5.697725209068547070e-01
6.453624979286850527e-01 -1.705702318238428994e-01 7.445891768504352415e-01 -7.304671836189265133e-02 9.565034043692350885e-01 2.824277152947670122e-01 -7.603758433852344512e-01 -2.366580517236295256e-01 6.048318306360617180e-01
6.361641040949793657e-01 -1.160286323161862782e-01 7.627795154196707061e-01 -9.154645628235950905e-02 9.702927834799860429e-01 2.239445482006720278e-01 -7.661034388404573958e-01 -2.122952444344816114e-01 6.066434291965333570e-01
6.346079080286237684e-01 -1.437316672854302146e-01 7.593510458851586709e-01 -6.277300889542163087e-02 9.697205694256157971e-01 2.360117933220179653e-01 -7.702806971628909372e-01 -1.974417003882665278e-01 6.063698727064535943e-01
1.268410082388645166e-01 1.072764825668074407e-01 9.861050222552576461e-01 9.610344650422827373e-01 -2.594479564801625004e-01 -9.539137738370989661e-02 2.456096814660245209e-01 9.597804510232333941e-01 -1.360050374206663582e-01
6.033837984437110391e-01 -7.890611682575079389e-01 -1.153709864902606047e-01 7.074879794907406039e-01 5.964366829619376364e-01 -3.791095383836587951e-01 3.679521037468718725e-01 1.471249671723260377e-01 9.181315229218487417e-01
2.471978414751599129e-01 -9.239682033091241031e-01 2.918492529435892657e-01 9.662790367179937556e-01 2.574761158969918196e-01 -3.297414433387607299e-03 -7.209750598577131797e-02 2.828229287315800478e-01 9.564586455327399594e-01
8.545384876662385221e-01 -3.763623871420551659e-01 3.579320139940432299e-01 5.193770166658878695e-01 6.237051854900983461e-01 -5.841569619134949765e-01 -3.389344529585667284e-03 6.850862683907014139e-01 7.284540597773917492e-01
8.644171514547052126e-01 -3.215279370392599700e-01 3.865265501543340698e-01 4.994641354893850083e-01 6.372455280625370921e-01 -5.869017927423116898e-01 -5.760699289821054336e-02 7.003841250824979214e-01 7.114376372540670568e-01
6.296695428376934967e-01 -2.122586797636655254e-01 7.473034990467769534e-01 5.751300427558845296e-01 7.740381299973928542e-01 -2.647459295810872248e-01 -5.222467814569896616e-01 5.964991418058582795e-01 6.094645790221858705e-01
9.209253527847292009e-01 2.401859191953230332e-01 3.069319449301745606e-01 7.574134001500903990e-02 6.622219721528184166e-01 -7.454698578821029598e-01 -3.823084409361801050e-01 7.097695286628820099e-01 5.916649999540429805e-01
7.541278593717110068e-01 -5.269532731181014729e-01 3.919329275138295210e-01 6.443991102507112823e-01 4.786520677685879299e-01 -5.963572626613572458e-01 1.266529053260629090e-01 7.022908556794507096e-01 7.005330795911729469e-01
-2.043408849016566109e-01 -9.547497606251521551e-01 2.160965000730514785e-01 -3.025969024338497904e-01 -1.483352337229425499e-01 -9.415050573808931844e-01 9.309564530068240584e-01 -2.577781081134984942e-01 -2.585933672435905550e-01
7.270994936885063487e-01 -5.288549386676325015e-02 -6.844921115808323409e-01 4.018689952386523268e-01 8.411501041662564626e-01 3.618947539367927679e-01 5.566216281674598587e-01 -5.382096494857411262e-01 6.328528551382556211e-01
7.048126989278942212e-01 -1.424682186221356561e-01 -6.949401888742752220e-01 4.748033651637547647e-01 8.225861041595425860e-01 3.129119135999788304e-01 5.270681396737542102e-01 -5.505042306161342935e-01 6.474135218039445139e-01
6.981629154375508239e-01 -1.098812419376557492e-01 -7.074564694579998925e-01 4.317464706224566906e-01 8.528712533041108435e-01 2.936079194989937302e-01 5.711072829274649321e-01 -5.104279948804862910e-01 6.428839190938709924e-01
5.019980535454863224e-01 -4.337734247636176876e-01 -7.482236097620721393e-01 1.865310755351199945e-01 8.990708919620065132e-01 -3.960778826018355736e-01 8.445141278251387940e-01 5.926337144884995245e-02 5.322440612240415536e-01
4.212445357523035283e-01 8.663390532120968102e-01 -2.683462054481006165e-01 -5.209896548849559661e-01 4.733362616586406779e-01 7.102975171728236337e-01 7.423764682434925710e-01 -1.594033509013864369e-01 6.507439981434548493e-01
8.563313805118144550e-01 -1.800212110495042483e-01 -4.840340177332583815e-01 4.799617728300382136e-01 6.233787279318191432e-01 6.172808584298999923e-01 1.906128625580581770e-01 -7.609147949240947506e-01 6.202220662738838763e-01
8.714731794851916513e-01 -3.222910763482449426e-01 -3.696795362800879836e-01 4.847835246433259693e-01 4.518920889204316449e-01 7.488514366718692639e-01 -7.429287766916076174e-02 -8.318184910648588337e-01 5.500532394688868454e-01
7.442989025342692244e-01 -4.772629559465361715e-01 -4.671608016170203936e-01 6.587206794775632979e-01 6.398733852925966303e-01 3.957892333336137658e-01 1.100282241740722228e-01 -6.023139726715353026e-01 7.906400370647398423e-01
7.831014824165477561e-01 -1.834583474672729364e-01 -5.942180601274105189e-01 5.672426573669525629e-01 6.023912645017748257e-01 5.615697037013583914e-01 2.549271188012052769e-01 -7.768318989308631295e-01 5.757988927596038309e-01
8.227753669391458802e-01 -5.591964015091347440e-01 1.016861843978240088e-01 3.422042647912010849e-01 6.302341103514182974e-01 6.969226695324739485e-01 -4.538027508916921970e-01 -5.386133591815104316e-01 7.099004948542732008e-01
8.142446770434205172e-01 -4.946203081022177428e-01 3.039018866662779317e-01 8.823881438930961107e-02 6.228657378669131273e-01 7.773365964797199767e-01 -5.737765397274664503e-01 -6.061262437845544859e-01 5.508098211306711178e-01
6.286225095539926810e-01 -6.668497560419888170e-01 4.001813880589408789e-01 5.396942974776237634e-01 7.445463425168932226e-01 3.929132335705322054e-01 -5.599676827747962493e-01 -3.101848983199187448e-02 8.279336009224217419e-01
6.895387397683291342e-01 -7.013603652009571254e-01 1.806376607573429716e-01 5.467802288677524603e-01 6.676814835131945625e-01 5.052057183890026337e-01 -4.749396884637385741e-01 -2.495898128906708646e-01 8.438822297116861382e-01
-8.903403261396595214e-01 1.622888164968897817e-01 4.253897550359714841e-01 -2.935280600551116725e-01 5.096250874797698671e-01 -8.087790478069522004e-01 -3.480450855992765491e-01 -8.449524307623930142e-01 -4.061034451207183871e-01
7.447280530902311568e-01 -8.950322564415452709e-02 -6.613390201248717792e-01 -4.347700198193890087e-01 6.867531538149883596e-01 -5.825333772337983884e-01 5.063152741194777429e-01 7.213593267744294879e-01 4.725310200070039213e-01
9.509315171108077003e-01 -2.846073948930670158e-02 3.080896559007773039e-01 2.676821885115733823e-01 5.750453814708142986e-01 -7.730905866732179499e-01 -1.551628039157326444e-01 8.176263177985452213e-01 5.544472100427599859e-01
7.285644186812674228e-01 6.289045616793504934e-01 -2.714275964793024798e-01 -6.387774531929556465e-01 4.807441121686959473e-01 -6.007066371428353424e-01 -2.472999254426661297e-01 6.110353106932829848e-01 7.519831088275955588e-01
8.777842483222090264e-01 3.032504401204585975e-01 -3.708557454916433516e-01 -4.773393345720755576e-01 6.191415166110845192e-01 -6.235470648466036048e-01 4.052126685707767989e-02 7.243638263851076564e-01 6.882260340593219228e-01
3.213205534381548545e-01 3.061804635834010704e-02 -9.464753758949022711e-01 -3.033607242065723963e-01 9.501325724266678208e-01 -7.225209908886230659e-02 8.970648655181305831e-01 3.103395399414671796e-01 3.145854367288112297e-01
8.047104591074477620e-01 -5.719105297897439932e-01 -1.592464219965239458e-01 3.255489182877717713e-01 6.494197741207268226e-01 -6.872203858898873197e-01 4.964463503791143317e-01 5.011709318152822723e-01 7.087797389165827466e-01
8.960931390490379789e-01 -2.021525681971051147e-01 -3.951599996464170705e-01 -1.589582902431187772e-01 6.850669057091837155e-01 -7.109258728341714129e-01 4.144265292090094643e-01 6.998697549354158109e-01 5.817499273866865162e-01
7.080767571924032611e-01 6.551268236194662808e-01 -2.635074019798298584e-01 -2.192702368184347994e-01 -1.507310497000003968e-01 -9.639505764830081924e-01 -6.712286266016060932e-01 7.403303287253637510e-01 3.692066088136606444e-02
6.049688181587912217e-01 7.771793847701539137e-01 -1.732193203538240633e-01 -7.127824439990788630e-01 6.255456936761503162e-01 3.172282658432632463e-01 3.548998683886143146e-01 -6.844551856410367729e-02 9.323954603097522886e-01
6.069658098058038354e-01 7.003389649718009258e-01 -3.756565450900751779e-01 -6.980157727438019988e-01 6.957757146962730843e-01 1.693225792378661165e-01 3.799559010301827300e-01 1.594411771817968171e-01 9.111597139312211935e-01
5.876586152068458135e-01 7.862617428033308320e-01 -1.909183694070351323e-01 -7.811971579782491792e-01 6.128069734013265046e-01 1.191579360236340313e-01 2.106854345698319086e-01 7.912069991206265029e-02 9.743467362831089718e-01
5.544236876238783918e-01 8.158081834295933810e-01 -1.645338337572158638e-01 -8.287257662071008113e-01 5.593244828452932360e-01 -1.922829462794778399e-02 7.634120136593312844e-02 1.470140494617855897e-01 9.861840042481188062e-01
6.395318964453935440e-01 7.639342229564085596e-01 8.604334038696073717e-02 -7.575886211494149425e-01 6.072595900867603369e-01 2.393643067639529276e-01 1.306079420781385281e-01 -2.182665646489351241e-01 9.671097519012337163e-01
4.467549348647947838e-01 3.686503542172742121e-01 8.151729537401440906e-01 -7.728560162949800194e-01 6.180091409401079483e-01 1.440773396170399734e-01 -4.506701745740525067e-01 -6.943785840951232080e-01 5.610122776726415017e-01
7.443385466271211781e-01 3.258518870054968319e-01 5.829070901438598851e-01 -6.328577930638655813e-01 6.228527511277276441e-01 4.599407181050126359e-01 -2.131927338427797580e-01 -7.112489002786425152e-01 6.698312176131115958e-01
9.216655619357657647e-01 -9.343330483399686637e-02 3.765671380901776111e-01 -2.160629485249387360e-01 6.825444844038698333e-01 6.981760731252292240e-01 -3.222567209793136267e-01 -7.248470489404320594e-01 6.088902704313872150e-01
6.255898047768146952e-01 7.645890933541061862e-01 1.550513285439792388e-01 -5.259960203445761540e-01 2.665936859047862151e-01 8.076236705405362981e-01 5.761645448489306487e-01 -5.867975161498609760e-01 5.689491122230340148e-01
5.421485318133961728e-01 5.827615641135722724e-01 6.053626424255809102e-01 -5.384218543851735372e-01 7.940246931704056932e-01 -2.821820216740856813e-01 -6.451177227243178880e-01 -1.729559077555485325e-01 7.442508836403516348e-01
6.892625717945546349e-01 2.310642924465888259e-01 6.866777991746302323e-01 -5.131402755280061179e-01 8.247808894667585378e-01 2.375364014240019250e-01 -5.114725454549819972e-01 -5.160869860077659244e-01 6.870589917315846895e-01
4.953396519333703174e-01 7.921977058780137471e-01 3.564567631903476363e-01 -8.469505998421968940e-01 5.316515645989831063e-01 -4.614681613712834710e-03 -1.931665360497782924e-01 -2.996154346175530780e-01 9.343004231452881614e-01
6.148380956094771088e-01 5.032218059793979181e-01 6.072412454487464695e-01 -3.649975064386496437e-01 8.641146698556878558e-01 -3.465294469937056920e-01 -6.991072424749148473e-01 -8.582035133277078620e-03 7.149653223703174021e-01
6.135667046228059363e-01 3.292622979043751119e-01 7.177201670268440470e-01 -6.427492152780658330e-01 7.362400700461501080e-01 2.117168049963691900e-01 -4.587039843273013062e-01 -5.912164565006378103e-01 6.633654771881699608e-01
6.040548480241045848e-01 7.257475400919382036e-01 3.292540791380972887e-01 -7.389205785743732102e-01 6.647983976353719626e-01 -1.097245144020045360e-01 -2.985198806409543049e-01 -1.770129897830737820e-01 9.378444872739658544e-01
4.563905144906544309e-01 8.877343901181364849e-01 -6.029387103625519218e-02 -8.757830205055540107e-01 4.601506259271101462e-01 1.458269606521977180e-01 1.571998704742614550e-01 -1.374969310456081346e-02 9.874710864943875288e-01
7.620021368457881028e-01 6.471213341102638461e-01 -2.422235293701437836e-02 -5.333498440265663776e-01 6.059403125031808113e-01 -5.902323962308281269e-01 -3.672746755757744230e-01 4.626773353244139075e-01 8.068698755424009716e-01
7.805229401716319293e-01 6.219416224230220891e-01 -6.302823306780941381e-02 -5.184753443936461759e-01 5.877331005493476868e-01 -6.210902670099899270e-01 -3.492381094922505369e-01 5.174537861649768367e-01 7.812005645554855882e-01
7.765776929093269887e-01 6.228768960596967608e-01 9.461215160149902270e-02 -4.429105212028901506e-01 6.465498435497524232e-01 -6.211308799388216562e-01 -4.480595463589760463e-01 4.404516683596834126e-01 7.779749165337915828e-01
6.764497930561875760e-01 7.348030900261285359e-01 -4.980056588327203687e-02 -6.502310243275959412e-01 5.641031539813211593e-01 -5.089078960580305511e-01 -3.458544382773283132e-01 3.766325139394886001e-01 8.593792276797797003e-01
9.538032354989105510e-01 -2.906200796669496378e-01 -7.615351105619254379e-02 2.844543192185382263e-02 3.396996648526724449e-01 -9.401037150770978901e-01 2.990823387540443301e-01 8.945077456307228836e-01 3.322734531256645862e-01
9.710539337131446347e-01 -2.377929611936066556e-01 -2.255582911364238663e-02 7.184125189756367103e-02 3.808143267713905988e-01 -9.218564329934696433e-01 2.278005538755749071e-01 8.935518765759651316e-01 3.868745940502592573e-01
5.569599254061197158e-01 -7.320791774551124176e-01 3.922444638592817445e-01 8.093128754029554894e-01 5.844763296266465291e-01 -5.831028908489403056e-02 -1.865698560824056995e-01 3.499249891659779177e-01 9.180109970793272067e-01
3.515980087308949176e-01 -9.246478216867309863e-01 1.463053181072143383e-01 9.296526954995260050e-01 3.632494435795734500e-01 6.160931333488534056e-02 -1.101122427658951103e-01 1.143514214564637921e-01 9.873191208540179620e-01
6.374342331106922499e-01 -5.591609861270773196e-01 5.301099792042951453e-01 3.938410294427516778e-01 8.277862511061229167e-01 3.995737303766909165e-01 -6.622437934673737203e-01 -4.592291446614913536e-02 7.478798325539186553e-01
7.137307179515542943e-01 -5.200510423213893230e-01 4.691858646984106151e-01 1.316674228367605282e-01 7.575400245716263914e-01 6.393721928075584149e-01 -6.879332467731767986e-01 -3.945630805745214964e-01 6.091533661005733569e-01
6.374548229819244627e-01 -2.990958317980008663e-01 7.100655125114481159e-01 9.593486789011963778e-02 9.452185639677871398e-01 3.120230239158314767e-01 -7.644918899373549515e-01 -1.307805403404353195e-01 6.312278514833413734e-01
5.788062011368808601e-01 -6.531915709896392030e-01 4.881845482126404567e-01 4.431228171018897211e-01 7.544921986453066998e-01 4.841318943707970113e-01 -6.845623057758718488e-01 -6.389283036036420838e-02 7.261488523294407083e-01
6.117775131791061138e-01 -6.259207873965230151e-01 4.836852719210143481e-01 3.921395722800450345e-01 7.710160624067393664e-01 5.017576978610597260e-01 -6.869896871281345740e-01 -1.172919409666486196e-01 7.171385991312030361e-01
9.235826739465413660e-01 -2.584070484805897072e-01 -2.832328400473839713e-01 3.738922548915722954e-01 4.435574573673541354e-01 8.145313767718858067e-01 -8.485061059210205481e-02 -8.581856321969962842e-01 5.062783765605533004e-01
4.830997885458532815e-01 1.869254759751185213e-01 8.553791327466591099e-01 -6.134690826355390092e-01 7.693144281544027629e-01 1.783563715816579576e-01 -6.247161587131088156e-01 -6.109125772685805034e-01 4.863286378343334992e-01
2.344079925120314545e-01 -9.229409700946351602e-01 3.053405619423230632e-01 8.831813429045989317e-01 3.334394847568835085e-01 3.298618279678534604e-01 -4.062555951512656360e-01 1.923488386391719041e-01 8.932851256359601866e-01
9.635165853970137917e-01 -1.647140173976752164e-01 -2.109622765747412587e-01 2.673692650181899166e-01 5.563365910297641825e-01 7.867676109277846885e-01 -1.222562016881667546e-02 -8.144684708164579012e-01 5.800789982902231356e-01
8.400808873455219983e-01 9.572361346179530939e-02 -5.339485860479240564e-01 4.268759679779965954e-01 4.907109259071439911e-01 7.595917950835184840e-01 3.347252764277131032e-01 -8.660483687538302888e-01 3.713747599113605968e-01
9.602511926171299894e-01 2.181901943635394248e-01 -1.740996443447845321e-01 1.479638663637652257e-02 5.830423227800904939e-01 8.123070335714838164e-01 2.787448905718029613e-01 -7.825948434092815376e-01 5.566386593197745203e-01
3.012093695464692633e-01 9.056774864611543130e-01 -2.983642173834256117e-01 -8.470835685073959676e-01 3.978181282841323774e-01 3.524062496229108943e-01 4.378611008781144176e-01 1.465913617029158678e-01 8.870110647629433354e-01
6.830772592758905803e-01 4.450632774653511259e-01 5.790717890831306169e-01 -6.626250829132436238e-01 7.110933071474470069e-01 2.351048872829401559e-01 -3.071375218926449269e-01 -5.443022943015276560e-01 7.806417584678251309e-01
8.098118980396444844e-01 5.444486314988030706e-01 2.185872307627068634e-01 -5.445851749266319430e-01 5.589760207455067853e-01 6.252781744804856157e-01 2.182468259644523845e-01 -6.253970705804429153e-01 7.491640855419076095e-01
7.899460760314989116e-01 5.702218011261986907e-01 2.254601838082089249e-01 -5.797549259141437927e-01 5.748338706714013480e-01 5.774515105246675883e-01 1.996732902536616228e-01 -5.868672069977404204e-01 7.846766585734205046e-01
7.899460760314650498e-01 5.702218011262398800e-01 2.254601838082231080e-01 -5.797549259141843159e-01 5.748338706713707058e-01 5.774515105246577074e-01 1.996732902536784982e-01 -5.868672069977303174e-01 7.846766585734237243e-01
7.690527964109570291e-01 5.946137321018897248e-01 -2.345043836015638927e-01 -3.354278884704559593e-01 6.877403412916341940e-01 6.438177961165084673e-01 5.441010273549744536e-01 -4.164705662540017506e-01 7.283586612894313861e-01
7.385171720220111702e-01 6.557951552818018781e-01 -1.566049199020537464e-01 -4.732814268209328823e-01 6.696554378007282260e-01 5.723340682243693855e-01 4.802052453430233903e-01 -3.485603375784921965e-01 8.049277069477818181e-01
8.932488006498846556e-01 4.492136934763376055e-01 -1.770982018230468288e-02 -2.572720640306126461e-01 5.430895190601041644e-01 7.992902222325086736e-01 3.686701306140366952e-01 -7.094087903884556123e-01 6.006841956574330288e-01
8.597844471614598527e-01 2.661859520544785362e-01 4.357932346286641501e-01 -4.984525764582133922e-01 2.520007535492932438e-01 8.294821572720882941e-01 1.109762742275663544e-01 -9.303981186241936374e-01 3.493474021931876616e-01
4.976989985152882601e-01 -7.229698222959808351e-01 -4.791767345418568302e-01 8.645512597971257707e-01 4.578570380391270844e-01 2.071667248890131929e-01 6.961915009594545067e-02 -5.173795210165893499e-01 8.529194599565440571e-01
6.661973283139271951e-01 2.546323630009211247e-01 -7.009589713099854125e-01 1.545092947258940030e-01 8.723875752473020384e-01 4.637529475889504149e-01 7.295944062221780824e-01 -4.172556509703614913e-01 5.418392050623576095e-01
9.607122933466860637e-01 -1.627674879385955509e-01 -2.248079942589018554e-01 2.772579652727942823e-01 5.259219534665392493e-01 8.040734540791215634e-01 -1.264555674303197846e-02 -8.348130591528252209e-01 5.503882685546269693e-01
9.666673499372107070e-01 -1.559692192730437188e-01 -2.030463917550065778e-01 2.549074426206675570e-01 5.119051715275823033e-01 8.203507122322182266e-01 -2.400896211754105156e-02 -8.447642854682445579e-01 5.345997303921550259e-01
7.586198021811119130e-01 -6.368453781084945087e-01 -1.375643853638698622e-01 6.010536543217557259e-01 6.025773210031549754e-01 5.250095969019273889e-01 -2.514567564515898246e-01 -4.809662530724058693e-01 8.399053298082685970e-01
7.944493346343706186e-01 -5.000773531233748681e-01 -3.446344376177832292e-01 6.059891444373600722e-01 6.150141158548017017e-01 5.045144141879525090e-01 -4.034118891508343963e-02 -6.096558686607193023e-01 7.916390025033263056e-01
8.701726087087754413e-01 -4.906531295173092722e-01 -4.537772083121082572e-02 3.719499769302790360e-01 5.936558679452849097e-01 7.136006762298476858e-01 -3.231916547724113520e-01 -6.378340042275904009e-01 6.990814954899529088e-01
9.747938021572010170e-01 -1.625838338028224028e-01 1.527859295284886010e-01 -8.638164026257300065e-02 3.563658200820186139e-01 9.303448900826070123e-01 -2.057067220619090420e-01 -9.200923319228603292e-01 3.333389344725545267e-01
4.537195093545852154e-01 -2.529784103085093716e-01 8.544826099744884385e-01 3.110182576527765752e-01 9.435188867819368497e-01 1.141917409115280752e-01 -8.351085260238130248e-01 2.139486718901380258e-01 5.067738307754067195e-01
6.032266998740347663e-01 -7.975669740130212348e-01 2.114361084168586095e-03 7.235504779422420318e-01 5.483570022058950055e-01 4.192604250359404094e-01 -3.355476932250235356e-01 -2.513792356092229840e-01 9.078635500315498374e-01
6.145507144125748056e-01 -1.688414648703654153e-01 7.705971575054135769e-01 -5.323219929763174374e-01 6.321585919275625187e-01 5.630353545257019698e-01 -5.822033280639293817e-01 -7.562195940284744955e-01 2.986154892142970918e-01
6.067808567903860695e-01 -1.477386599164974279e-01 7.810187451007835069e-01 4.951955908787888244e-02 9.876926503050443840e-01 1.483611869767137159e-01 -7.933251572340733748e-01 -5.134702425140972443e-02 6.066289458969610360e-01
5.942235839745185766e-01 6.783986492825944126e-01 4.320574092641278341e-01 1.951457640019710338e-02 5.248656390542951744e-01 -8.509613635459881698e-01 -8.040631278428328477e-01 5.140927285924961065e-01 2.986488788727035271e-01
7.311191920073419892e-01 4.454998607295321822e-01 5.167152031520834132e-01 1.439515304727972955e-01 6.395874649607956597e-01 -7.551197464902916767e-01 -6.668903087862879664e-01 6.264644832350758641e-01 4.034842838227268302e-01
9.798903966505776442e-01 -1.618039804150503969e-01 -1.167659302785685888e-01 5.860904857171394741e-03 6.082726026875755476e-01 -7.937065519535152491e-01 1.994503957033645913e-01 7.770610740099705982e-01 5.969887996539319230e-01
9.723077808182670756e-01 -1.520106051051067220e-01 -1.775115638369401116e-01 -4.975709296816600846e-02 6.074943316602147148e-01 -7.927640687493767713e-01 2.283458146312605797e-01 7.796431317829257690e-01 5.831078596658575419e-01
9.495572776090572820e-01 7.149092483989592794e-02 -3.053359202668629035e-01 -2.965005594653000176e-01 5.217419723452593194e-01 -7.999204538765356531e-01 1.021195122219050455e-01 8.501025596707817433e-01 5.166209860862653880e-01
5.443297061988530139e-01 -4.118762744460882641e-01 -7.307962133850183228e-01 1.253878200587932312e-01 9.013271298656381214e-01 -4.145929323433715785e-01 8.294474459122617160e-01 1.340423049510203191e-01 5.422633999755503975e-01
6.118074081316808854e-01 -4.655427757879437300e-01 -6.395010705752190994e-01 1.606784304716413203e-01 8.647522098042107475e-01 -4.758004388605630020e-01 7.745154209803474243e-01 1.883442049822370290e-01 6.038644906874757190e-01
6.418358830639396828e-01 -5.791806129020724558e-01 -5.025898097354467575e-01 3.836213881352385502e-01 8.100055235646722585e-01 -4.435376898978417581e-01 6.639889530532309125e-01 9.187420439438366560e-02 7.420766812063114282e-01
5.811306835677051419e-01 -5.749090529204990974e-01 -5.759919352614117916e-01 6.434095404055928391e-01 7.579537634990789474e-01 -1.073790282720331196e-01 4.983084305239028899e-01 -3.081974582433104626e-01 8.103721582095274600e-01
6.352605020025963167e-01 -7.603147815096312767e-01 1.355194731888048343e-01 6.958426238065493763e-01 4.873668166104332955e-01 -5.275193161970748168e-01 3.350330393997382195e-01 4.294124114239992185e-01 8.386643210639161961e-01
4.473672125993641280e-01 -1.328295880438065957e-01 -8.844313866158234338e-01 -2.808895294229191708e-01 9.180020597735424337e-01 -2.799523004229553802e-01 8.490957833787932119e-01 3.736689962943759435e-01 3.733735821622994333e-01
6.141719404596349685e-01 -3.265353984932483078e-01 -7.184479529394611763e-01 4.195063595276222745e-01 9.061894740148493943e-01 -5.324520166711682601e-02 6.684364157254809591e-01 -2.686917764196480873e-01 6.935398239586000324e-01
5.876667077063296718e-01 -4.614870375300371697e-01 -6.645882596355083827e-01 3.344658095070151549e-01 8.864821912269822413e-01 -3.198154888497821147e-01 7.367363591709186199e-01 -3.433713484200668492e-02 6.753077063431316418e-01
3.454853119206964251e-01 7.359337205568035056e-01 -5.822726665356017239e-01 -2.347478535973820390e-01 6.685274976403907665e-01 7.056659479740393648e-01 9.085886552662220117e-01 -1.071099614699681790e-01 4.037252923404982541e-01
8.841685448965150851e-01 -2.674096482967316390e-01 -3.830640471427691485e-01 4.634148672653373713e-01 6.057666426926288095e-01 6.467560864795559583e-01 5.909860415465762601e-02 -7.493589624463828924e-01 6.595214176872892242e-01
5.571689983164096471e-01 -1.646065557796611012e-01 -8.139209968476340817e-01 4.424984179408631424e-01 8.882562615363281955e-01 1.232719106744909754e-01 7.026790572052949990e-01 -4.288420404249843054e-01 5.677469920036692930e-01
5.389624155930087257e-01 -1.884100526747476689e-01 -8.209879211226240869e-01 4.540378536208173887e-01 8.859297086892321538e-01 9.475325187672213600e-02 7.094851246203477402e-01 -4.238280350719040857e-01 5.630281117577866645e-01
6.172509828626921990e-01 2.834690253021054929e-01 -7.339254293518620020e-01 -1.430894037740656766e-01 9.577272499224521729e-01 2.495675004554061827e-01 7.736450392024906142e-01 -4.902883284610185660e-02 6.317195001479106731e-01
4.690819881918451562e-01 2.342379901911068318e-01 -8.515248982297680680e-01 -6.308048245840032209e-01 7.636758336482225573e-01 -1.374208658946572403e-01 6.180997990903497330e-01 6.016076670496505185e-01 5.059850326951835786e-01
6.350473517300264659e-01 7.394959408992525240e-01 2.232949046758775369e-01 -7.147360819036815416e-01 4.528434256144706627e-01 5.329964025232490910e-01 2.930310466241658474e-01 -4.980748791811132059e-01 8.161214495668310809e-01
7.026395487669382378e-01 3.475609160264427899e-01 -6.208857174709799809e-01 6.955194949938894866e-02 8.348603004430279473e-01 5.460501854820779544e-01 7.081385392911672128e-01 -4.268602679976637448e-01 5.624323255072869454e-01
6.704162074697423979e-01 1.620675746946434737e-01 -7.240692024899856305e-01 4.693376463681059874e-01 6.631968576458888709e-01 5.830026601228037730e-01 5.746862469761515602e-01 -7.306873676485826641e-01 3.685535080490363047e-01
7.170413220176836688e-01 -4.613079016449574410e-01 -5.225387664078700034e-01 -3.413284795207203737e-01 4.212470249290333202e-01 -8.402653230120303851e-01 6.077389337431043925e-01 7.808623206867933986e-01 1.445939989917629787e-01
6.850618201934459695e-01 4.115853704821340053e-01 -6.010721964276233287e-01 -6.326813030777689306e-01 7.451585747343658639e-01 -2.108389604310943743e-01 3.611158695613626013e-01 5.247248624802648420e-01 7.708820580646614795e-01
6.724280807919154057e-01 6.233454599815582142e-01 -3.991001298958464782e-01 -7.340199761975574333e-01 6.309244090197967392e-01 -2.512947764000637019e-01 9.515855560820075942e-02 4.619251320543193984e-01 8.817993091804736672e-01
5.017185932737978638e-01 6.087102787490339395e-01 -6.146139029574869683e-01 -5.142951173578820256e-01 7.812015671741193712e-01 3.538709421618879136e-01 6.955422240419368851e-01 1.385492980493707449e-01 7.050000755920688977e-01
6.915424005065333724e-01 1.616365865830868831e-01 -7.040189785648039988e-01 -4.577958610915178195e-01 8.519791000545794413e-01 -2.540758993640769847e-01 5.587414946727486953e-01 4.980012318739353017e-01 6.631762323718377594e-01
6.858306839278921485e-01 7.745435831861051564e-03 -7.277199194791728054e-01 -3.575450140797442611e-01 8.745302599534595656e-01 -3.276558977531914829e-01 6.338752526244536556e-01 4.849090973053700182e-01 6.025490282630752148e-01
3.636104876082075776e-01 -1.589962997956649304e-01 -9.178821220356178090e-01 -1.906878654830245629e-02 9.838498341357976296e-01 -1.779772043002668114e-01 9.313558904526759719e-01 8.221727630036571033e-02 3.547062514205979178e-01
8.307072546351057518e-01 -5.150778883639434147e-01 -2.112350018703027243e-01 2.425524747945223547e-01 6.763929151042948895e-01 -6.954573469076064107e-01 5.010925603794755823e-01 5.264858908985645680e-01 6.868179180955360508e-01
8.447680853143184621e-01 -4.573456658796144492e-01 -2.778521620133853620e-01 1.518822827800287711e-01 7.027807838897999204e-01 -6.950042747874043414e-01 5.131263530670665540e-01 5.449166098554626414e-01 6.631494809556301995e-01
5.217322237342967295e-01 -7.695649397912635026e-01 -3.681919202825271187e-01 5.450674658157883545e-01 6.327099976247132496e-01 -5.500722830818601805e-01 6.562750524181307776e-01 8.630099854465463072e-02 7.495700055523669691e-01
7.866894387973735192e-01 -3.349416815913797696e-01 5.185882729270034908e-01 6.025525786808230144e-01 5.993978674239884841e-01 -5.269274963907893961e-01 -1.343507231456687046e-01 7.270049975483756644e-01 6.733599458906969204e-01
8.999199252343669242e-01 -2.762542527606596243e-01 -3.373836332690445805e-01 -1.115282812010134350e-01 6.021635298476011311e-01 -7.905444489804638319e-01 4.215513855492817319e-01 7.490545181447922918e-01 5.110887967744488503e-01
8.228795134295217029e-01 -5.383051456476575236e-01 -1.819254697595911463e-01 2.918762907815758978e-01 6.751407969880006688e-01 -6.774903210541065590e-01 4.875218325958157739e-01 5.043931744300883535e-01 7.126780397421796920e-01
2.955083478855019541e-01 -5.946847643098003289e-01 -7.476796422451119639e-01 6.578822497548177939e-01 6.941658581644150061e-01 -2.921039315319139407e-01 6.927234381681630637e-01 -4.055660149182357399e-01 5.963643565437328764e-01
5.917088367709257835e-01 -7.770038306203242984e-01 2.148155015089471265e-01 7.951102792664286323e-01 6.064549828865478664e-01 3.463746084709441904e-03 -1.329672752674890823e-01 1.687524842288835591e-01 9.766485052333415684e-01
6.710526688787109562e-01 -7.412679959994757928e-01 1.449391933469927271e-02 6.561577215015320652e-01 5.846759141322320774e-01 -4.770860718440196324e-01 3.451743908587041054e-01 3.296601788820729961e-01 8.787370518845567524e-01
7.213497021645208784e-01 -6.819363858130820244e-01 1.209023278987991779e-01 5.750815836363412092e-01 4.925047361117058098e-01 -6.532382850613220882e-01 3.859219860923648326e-01 5.407419445648087297e-01 7.474372014014248888e-01
4.941709169777112054e-01 -3.314916179167914367e-01 -8.036842738689840004e-01 3.123075126427506398e-01 9.304303681809509285e-01 -1.917377049866771932e-01 8.113316968788452099e-01 -1.562454390296494910e-01 5.633189508814042679e-01
6.108555391526463429e-01 -6.231113416186653264e-01 -4.884544668981100068e-01 6.702176613506136693e-01 7.354008616442172519e-01 -9.996929081801544936e-02 4.215018347531170884e-01 -2.663040154393655490e-01 8.668439159737041377e-01
6.017346895151953756e-01 -6.290380697143653776e-01 -4.921650843813250020e-01 6.013623072660780888e-01 7.623534574786441365e-01 -2.391246145213331009e-01 5.256222396680628739e-01 -1.520799550249224141e-01 8.370143059983783385e-01
5.499566914337167267e-01 -7.993008375369913265e-01 2.422102571319883768e-01 6.109555720022254999e-01 1.872791285755895652e-01 -7.691942648248237813e-01 5.694566942153838074e-01 5.710032391437304122e-01 5.913327103252913330e-01
-7.643947006120102583e-02 7.786960120651650330e-01 -6.227274911312099537e-01 -7.862836058728357447e-01 3.369730383285960418e-01 5.178873068295898330e-01 6.131191552645978149e-01 5.292274484882685259e-01 5.865178677706446297e-01
7.764271400822777558e-01 4.256125342250679372e-02 -6.287681892802469141e-01 3.450161821314944310e-01 8.062110945055254163e-01 4.806115949117441555e-01 5.273753219587191676e-01 -5.900950862389113816e-01 6.112798532469636559e-01
6.945731331234646921e-01 5.154013825745561855e-02 -7.175735341353222108e-01 2.744120868607222707e-01 9.030406678948817989e-01 3.304777734019475610e-01 6.650309536614048556e-01 -4.264518334775546649e-01 6.130845491413355886e-01
7.599286899528239214e-01 2.145175397421497376e-01 -6.135883076864816488e-01 1.809344182189478456e-01 8.368537955776628179e-01 5.166608763309163965e-01 6.243165242810381210e-01 -5.036446663772334853e-01 5.971356023043754568e-01
7.310533667536167624e-01 3.583337764088706523e-01 -5.806529769516035611e-01 4.941717515995520948e-02 8.209568453691954426e-01 5.688477835420204798e-01 6.805284106908486841e-01 -4.445523171978936205e-01 5.824554227720533106e-01
8.639961144725679665e-01 2.090875642940479839e-01 -4.580317725157150299e-01 1.647296286838323409e-01 7.422478557676007727e-01 6.495631378411846901e-01 4.757886753696352056e-01 -6.366714310113039677e-01 6.068563465302365678e-01
9.487504894071777661e-01 2.369681300558279524e-01 -2.090899667307950238e-01 1.590538624061767214e-02 6.249792156526173814e-01 7.804793390543891540e-01 3.156256129311713621e-01 -7.438058115799334180e-01 5.891802670844799028e-01
8.637150619364434290e-01 5.020660282830312626e-01 4.388615987106097432e-02 -3.166586389578381344e-01 4.728800221621617395e-01 8.222601723379791006e-01 3.920760106886104768e-01 -7.240954273326245527e-01 5.674171428133703010e-01
7.671594093829339212e-01 -5.758087491170097438e-01 2.826848510895708655e-01 1.807148666025355510e-01 6.168515546591158971e-01 7.660524110682374044e-01 -6.154742704484534865e-01 -5.365989600762718359e-01 5.772806756344850410e-01
8.028907747784167492e-01 -1.812206591036502334e-01 -5.679132649355467244e-01 5.335570125389232921e-01 6.433362131958142438e-01 5.490313571749876331e-01 2.658633448714830538e-01 -7.438263167601077974e-01 6.132202641374783214e-01
9.619770894630916835e-01 1.671860591810254426e-01 2.159835664203123007e-01 -2.722819878634215041e-01 5.247378671729249211e-01 8.065436688983143032e-01 2.150810157271853401e-02 -8.346849659424379064e-01 5.503075587309418371e-01
9.131595996917165614e-01 -4.014107152306942705e-01 7.077417035081673413e-02 2.161477981307678986e-01 6.240955778557877309e-01 7.508560708045660670e-01 -3.455715191593265456e-01 -6.703537479561318957e-01 6.566629102873728918e-01
7.826277556907930144e-01 -5.665887860187144298e-01 2.578195950276700454e-01 2.259071841936867719e-01 6.444548030334656952e-01 7.305093777473201655e-01 -5.800514978448654269e-01 -5.134736160748054612e-01 6.323646933874403908e-01
7.083287892674422492e-01 -5.555398849847185128e-01 4.354833664861213482e-01 6.039183430364120087e-02 6.623664326401449420e-01 7.467419469006747468e-01 -7.032944992279984708e-01 -5.026391798325458016e-01 5.027232859664495512e-01
6.264080612847205964e-01 -7.008892172652778640e-01 3.411264367925538332e-01 6.088484604216395368e-01 7.132016633705828834e-01 3.473426832504656336e-01 -4.867406835263695108e-01 -9.883950966091015200e-03 8.734905921150968311e-01
5.630368567444319350e-01 -6.179006189456586196e-01 5.488062709681095219e-01 6.705637488738893648e-01 7.297162489731068291e-01 1.336355292608008838e-01 -4.830463297071468931e-01 2.927678621214952481e-01 8.251988986088526490e-01
5.705552045880508683e-01 -6.332875568204946459e-01 5.228896909423788042e-01 6.786565954794450128e-01 7.221176624179632686e-01 1.340571036397012750e-01 -4.624845769641801052e-01 2.783755592726226968e-01 8.417927678888184051e-01
6.623428832712964232e-01 -6.923797643687591430e-01 2.862030168822956577e-01 7.490406917082033100e-01 6.040801258265174889e-01 -2.720758051476009909e-01 1.549022740835019271e-02 3.945851789843107249e-01 9.187287898943610198e-01
6.191933707757218963e-01 -7.530749567841685810e-01 2.224357863562480830e-01 7.804716414967522997e-01 6.213916858005157362e-01 -6.882143297954962380e-02 -8.639205059937356268e-02 2.162185983733045380e-01 9.725152601942650410e-01
5.790277034777064902e-01 -2.191350563727829104e-01 7.853067844313015300e-01 6.939029414657006400e-01 6.381501025237263924e-01 -3.335613204108147101e-01 -4.280486262454091251e-01 7.380679329963163449e-01 5.215650485337023357e-01
7.577093617939705261e-01 -3.246244305635677674e-01 5.661232216850436982e-01 6.244947741378201744e-01 6.124942590228107386e-01 -4.846205316932528095e-01 -1.894275590412516364e-01 7.207425072419257894e-01 6.668188945510584720e-01
8.052663983304314543e-01 2.787090650835975514e-01 -5.233233080612424981e-01 -5.923876382330458545e-01 3.410401700338126507e-01 -7.299099180665942210e-01 -2.495824089572236046e-02 8.977821893218508320e-01 4.397319942281388006e-01
7.679658523866428332e-01 -4.670723219338796528e-01 -4.382600776380980445e-01 1.219778783870163474e-01 7.783883992246312111e-01 -6.158188833875740675e-01 6.287685160313448707e-01 4.194698392445047053e-01 6.547482013812103707e-01
8.961198096633224974e-01 -3.916633127839291850e-01 -2.087322115728398597e-01 1.131843791074441108e-01 6.564468205587132843e-01 -7.458330028259805289e-01 4.291370213055885063e-01 6.447305027664465005e-01 6.325851687697809922e-01
8.950971247430687949e-01 -4.418766370233043195e-01 -5.954976851060127252e-02 2.396378615769312881e-01 5.893969721248850657e-01 -7.714822775338739946e-01 3.759984475706338869e-01 6.762811892275230052e-01 6.334579074583256419e-01
1.575215398137409517e-01 8.245760433294205827e-01 -5.433795296677135234e-01 -9.083797170779440711e-01 -9.483847581277836392e-02 -4.072492518187154631e-01 -3.873412630950934799e-01 5.577454726599820889e-01 7.340890502052125344e-01
5.087445624953769174e-01 1.220907233542790349e-01 -8.522164193455887826e-01 3.939968907224726258e-01 8.471292551419514760e-01 3.565648260606568143e-01 7.654707180764078744e-01 -5.171710358802700247e-01 3.828690368965829705e-01
7.950965139728842779e-01 -3.949725705005187604e-01 -4.602371149965851505e-01 -1.306847216026735259e-01 6.294585642178354146e-01 -7.659656777378819337e-01 5.922356262568125862e-01 6.691625994368139985e-01 4.488634296834250748e-01
6.623938760098224687e-01 2.722772249292568225e-01 -6.979251147576699399e-01 -5.161894153838226806e-01 8.410533602178361656e-01 -1.617953420590166058e-01 5.429390762050484431e-01 4.674338007152560870e-01 6.976552167643406133e-01
4.370300629050279384e-01 7.575964995388732026e-01 -4.848218930738103505e-01 -8.916427241812607818e-01 4.357649857955411821e-01 -1.228093219964668664e-01 1.182284928934107388e-01 4.859592792004880923e-01 8.659478058330621897e-01
7.203205356147216465e-01 4.607670888514738827e-01 -5.184901308637017703e-01 4.278170806297908885e-02 7.165553445865356919e-01 6.962170377114347275e-01 6.923207720608524074e-01 -5.236813229205422582e-01 4.964371265298923031e-01
6.130297727675276809e-01 1.969883556786925227e-01 -7.651078913640860790e-01 -9.861539253055680299e-02 9.799226813225317967e-01 1.732816868157273926e-01 7.838810509615841138e-01 -3.077541805832328947e-02 6.201478626801013583e-01
6.030627288322789603e-01 1.063474094932456426e-01 -7.905729400804462070e-01 -4.347920392710245135e-02 9.939822034386857075e-01 1.005432149527791807e-01 7.965079434125126312e-01 -2.626038349398672131e-02 6.040575207209312181e-01
