7.337137221014339294e-01 -2.371472888996195572e-01 -6.367301919711522151e-01 -6.794576302273132029e-01 -2.543924448718581921e-01 -6.882018691619504747e-01 1.225857228138227612e-03 9.375743423108797714e-01 -3.477827625319823701e-01
4.123662228660274903e-02 -9.856025065940723362e-01 1.639732904404672675e-01 -3.115592476289912316e-01 1.432459234015052429e-01 9.393675748319754160e-01 -9.493315417699177416e-01 -8.982374087251007722e-02 -3.011665973782935990e-01
-3.963272566541626851e-01 1.589158473572835351e-01 -9.042513251810595509e-01 -9.180167039753256431e-01 -8.258202218694739305e-02 3.878473163936998480e-01 -1.303981806872580619e-02 9.838322840150303117e-01 1.786169087026854840e-01
-6.875411645392995874e-01 -5.998359536999910979e-01 4.092480613427093017e-01 4.710625266362672980e-01 6.047230068555258659e-02 8.800245433218621960e-01 -5.526185330433640575e-01 7.978345251357690238e-01 2.409830438814773990e-01
-6.945647441576053849e-01 7.173818583421941453e-01 -5.425021193304521705e-02 -3.994736691653905103e-01 -3.218545006616387871e-01 8.583882967791368612e-01 5.983315166501096405e-01 6.178777789541773924e-01 5.101239520526679172e-01
-4.060673764324539969e-01 -1.243676027177512272e-01 9.053408116237241510e-01 8.517384903628445469e-01 -4.104909596761836532e-01 3.256358642080883214e-01 3.311356668069543874e-01 9.033437172075565735e-01 2.726156612338118124e-01
-1.080896872360243149e-01 7.133420872165930904e-01 6.924302752759248225e-01 -1.638002625744510998e-01 -6.997707518777177560e-01 6.953347170946053701e-01 9.805539727591539023e-01 -3.826174880959042762e-02 1.924836228988651698e-01
3.241363987073441755e-01 -1.149598567549345585e-01 9.389993750625816871e-01 5.522189200840477152e-01 -7.829342777760193162e-01 -2.864754456922116166e-01 7.681079737473385238e-01 6.113903401414093608e-01 -1.902944892726271542e-01
5.420800431687311516e-01 1.833675214978724710e-01 8.200765688994625657e-01 -3.278011123705334429e-01 -8.524463782164137804e-01 4.072856528216528549e-01 7.737542617180394044e-01 -4.896034357778204504e-01 -4.019860919829511547e-01
7.790489962247117983e-01 -4.117024047124815400e-01 4.728464776597467445e-01 -8.734563763257890967e-02 -8.181005791798856563e-01 -5.684031860678596670e-01 6.208489357869817482e-01 4.015128544635847563e-01 -6.733008440754227886e-01
7.462762721539000221e-01 -4.538098615643413880e-01 4.869582478683690541e-01 -6.356328645393031218e-01 -7.030176729422521475e-01 3.189624006813669976e-01 1.975919713390161814e-01 -5.475607373413602375e-01 -8.131018704839803046e-01
7.117911566702028736e-01 -6.909133783014512753e-01 -1.264596891114737054e-01 -6.685396790548010504e-01 -6.111965476087145577e-01 -4.236667059381608036e-01 2.154252696769781150e-01 3.861055346343326700e-01 -8.969473057595620524e-01
4.888547999906602270e-01 -8.689288745064639441e-01 7.735370433936311629e-02 -7.891262301488800590e-01 -4.026671571235749258e-01 4.638307379476213632e-01 -3.718881248670204420e-01 -2.877877197222774575e-01 -8.825403395652480221e-01
2.931507912391739801e-01 -7.559295772963029458e-01 -5.853486890431031098e-01 -9.432570809882369067e-01 -3.285636309753474094e-01 -4.808346457823832465e-02 -1.559765776050918429e-01 5.662300014737200460e-01 -8.093546149060212302e-01
1.450961471219175576e-02 -9.763244425485914091e-01 -2.158241273886835621e-01 -7.121998682752056498e-01 -1.615942595318802799e-01 6.831241782539420049e-01 -7.018267725797328049e-01 1.437980464697845295e-01 -6.976828098224795438e-01
-2.133133566668440062e-01 -5.907074561975482752e-01 -7.781787153733682461e-01 -9.240658081178009242e-01 -1.365964550792828081e-01 3.569927040254042838e-01 -3.171747060140829855e-01 7.952396554827955155e-01 -5.167147145306438816e-01
-4.619731659488341413e-01 -8.437298853758152806e-01 -2.733142412442586267e-01 -4.544447290165635756e-01 -3.944554409176007082e-02 8.899011390712833203e-01 -7.616172150183274647e-01 5.353166628968494267e-01 -3.652058162361436766e-01
-6.461294344606394180e-01 -2.956494636521608821e-01 -7.036392176149393052e-01 -7.168335207947589272e-01 -8.145428128756350417e-02 6.924701463059015349e-01 -2.620428541070414785e-01 9.518175217456948944e-01 -1.593014372481291463e-01
-8.028321741144577306e-01 -5.804099606134842659e-01 -1.363259983543368137e-01 -1.241118377721825150e-01 -6.094925454953376009e-02 9.903945880782406563e-01 -5.831438518337173083e-01 8.120403105699312007e-01 -2.310372433236166506e-02
1.569361512446375839e-01 9.311803550921657902e-01 -3.290504379619465514e-01 -7.895989813064585583e-01 3.184290850816571816e-01 5.245344283208318581e-01 5.932153851277993661e-01 1.774994762372195667e-01 7.852320948504268872e-01
5.170143906139943457e-01 8.401079877516278716e-01 -1.640569681968755966e-01 -8.308008082104264558e-01 5.386466851254961830e-01 1.401062656708013110e-01 2.060731350150779295e-01 6.386170620352482619e-02 9.764504828744938747e-01
1.688696819357786982e-01 9.794957094818425025e-01 1.098689475219059158e-01 -8.092180412805110024e-01 7.413966702283800170e-02 5.828116946663615128e-01 5.627159071761188569e-01 -1.873271600179885754e-01 8.051455414585321213e-01
-6.038032862874186391e-01 -6.111502680701065282e-01 5.117782149587365437e-01 2.085438325790151814e-01 -7.407724345306777591e-01 -6.385653217430057316e-01 7.693705617982596889e-01 -2.788396493996675440e-01 5.747324495457873939e-01
1.969956701503539631e-01 -8.772753200379296290e-01 4.376993474913587479e-01 8.357805103075705011e-01 -8.311023722209612274e-02 -5.427371620396969076e-01 5.125072141268162129e-01 4.727374549591296105e-01 7.168372577836163995e-01
9.359819712253367729e-01 -2.772171037547849770e-01 2.169986795511479882e-01 8.765829134238867573e-03 6.345501986736137301e-01 7.728319387828550546e-01 -3.519387869796711255e-01 -7.214545881405746153e-01 5.963575835605611219e-01
4.426263875607306941e-01 5.756366318249648284e-01 6.875495248606806609e-01 8.850654520639275047e-01 -4.035990642842785525e-01 -2.318769951326145884e-01 1.440174524070389483e-01 7.111612077511431096e-01 -6.881196916177605427e-01
1.059218226508624600e-01 9.863508518379237033e-01 1.260657152635963618e-01 8.299252540208187368e-01 -1.575242397915412318e-01 5.351730436191428630e-01 5.477267934151107687e-01 4.793861654970751202e-02 -8.352827358556508264e-01
9.841527785112877957e-01 1.765799989247287261e-01 -1.621149370832918740e-02 -6.495093031428555985e-02 4.440424530833674277e-01 8.936485195595718078e-01 1.649990460573065587e-01 -8.784337219389112272e-01 4.484746491840209126e-01
1.310281216660238446e-01 9.185724871245672940e-01 -3.729024232027211005e-01 5.061811547903520836e-01 -3.854080215130978870e-01 -7.715188238069539128e-01 -8.524155499917749346e-01 -8.766551688746918036e-02 -5.154633714252384591e-01
-1.525284458608350824e-01 2.022201479040945937e-01 -9.673893140741862684e-01 9.024191869596150939e-01 -3.706042751381318223e-01 -2.197545955298494391e-01 -4.029574223294886681e-01 -9.065095052071909798e-01 -1.259596473422653906e-01
3.706011247166550171e-01 -8.872934607348931246e-02 -9.245441630901800600e-01 9.224305465609741184e-01 -8.114428357392533542e-02 3.775413778839306067e-01 -1.085204733217322720e-01 -9.927450369498934668e-01 5.177449643774260923e-02
7.211280624772541392e-01 2.689477579122810380e-01 -6.384680266244807667e-01 -4.447295639680043378e-01 8.863339801873442170e-01 -1.289484024642775506e-01 5.312155235312973067e-01 3.769339187168189720e-01 7.587693249467536427e-01
7.212071098281822579e-01 1.298324356305433913e-01 -6.804438576337664690e-01 -5.253647361891411460e-01 7.427441939659187309e-01 -4.151180028604300465e-01 4.514999431917958717e-01 6.568672628379027545e-01 6.038817767656570190e-01
4.647844453134660214e-01 6.461804224707533573e-01 6.053315463530481999e-01 -8.850470814551343324e-01 3.589968962335900460e-01 2.963324013711593485e-01 -2.582795002323509323e-02 -6.734776092121904645e-01 7.387562702863709196e-01
-9.145386085237547924e-01 -3.905995954610918530e-01 -1.051241625177849193e-01 2.692094239832872743e-02 2.005367104499564124e-01 -9.793162362701316459e-01 4.036017794557157368e-01 -8.984525495470208067e-01 -1.728832549226158033e-01
-5.422920295766693322e-01 -7.794483761627157836e-01 -3.136551985141049492e-01 2.432055553050805063e-01 2.117064431036140837e-01 -9.465893723347859057e-01 8.042203755976121693e-01 -5.896105586280847577e-01 7.475945845118016353e-02
-2.300235732855246407e-01 -7.904027936151923894e-01 -5.677610232996439521e-01 5.780403366570261436e-01 3.583773731627590275e-01 -7.330996027842279217e-01 7.829166781531678998e-01 -4.968189632554905755e-01 3.744494529564021401e-01
8.661216252702959306e-02 -6.836810990078961980e-01 -7.246229972625397586e-01 5.409642470806351744e-01 6.430579995812677474e-01 -5.420646571720203477e-01 8.365739756189365384e-01 -3.450457419443013762e-01 4.255436749421068754e-01
-6.686429868587522307e-01 6.913268562866013989e-01 -2.738315794452705898e-01 2.492807869414418454e-01 -1.385444144777600584e-01 -9.584698923173697871e-01 -7.005538133408897306e-01 -7.091351232268076066e-01 -7.969775165987068311e-02
-4.656461068316246066e-01 3.802190451781773950e-01 -7.991290139122384506e-01 7.914141431703287655e-01 -2.251846909817404041e-01 -5.682917463217574960e-01 -3.960269652214679637e-01 -8.970648430471755974e-01 -1.960543551829977971e-01
1.465646386556725134e-01 -5.310826926444613960e-01 -8.345477699144854267e-01 7.134014024641708307e-01 6.411828256152634076e-01 -2.827419726502963804e-01 6.852570653834123560e-01 -5.539275744260573342e-01 4.728498669055311576e-01
-6.891080331096397504e-01 6.121416787208909804e-01 3.878307412732173165e-01 4.860289401448981694e-01 7.873884047058296032e-01 -3.792035989761117221e-01 -5.374997563212384755e-01 -7.281528210189290584e-02 -8.401142461874047118e-01
-8.062491427215738860e-01 5.085135618480335351e-01 -3.022850927144010158e-01 4.864971302798505870e-01 8.606639506789514060e-01 1.502601285476960202e-01 3.365751952984615825e-01 -2.591373030512115691e-02 -9.412999609537205936e-01
6.347257727430469787e-01 -5.518897862872390592e-01 -5.408704625024066681e-01 6.226624723505036485e-01 7.797890625986930724e-01 -6.496509353345085447e-02 4.576184425283798540e-01 -2.955447202087649328e-01 8.385932741291350911e-01
-5.198772115696440599e-01 -7.690781831323880713e-01 3.718150523047134559e-01 -7.722752828027142913e-01 6.091807435443562513e-01 1.802490201547106152e-01 -3.651281589559470242e-01 -1.934362166827372220e-01 -9.106392576717248222e-01
5.601608689171273525e-01 3.892068981374392500e-01 7.312576778237902531e-01 -2.736404708063177593e-01 9.201373506392379609e-01 -2.801216676651434589e-01 -7.818827876804206323e-01 -4.318849847861494506e-02 6.219276967045742621e-01
5.073922204724903295e-01 3.517079184003136794e-01 7.866731689453467791e-01 -2.203875540198143856e-01 9.355180894009343939e-01 -2.761072806660280765e-01 -8.330560969329492416e-01 -3.327828929112409961e-02 5.521866485389672619e-01
7.518997079003018058e-01 3.229046013131412485e-01 5.747864366094961319e-01 -4.660572493609079769e-01 8.769854055051348185e-01 1.169924734721809190e-01 -4.663019081856577541e-01 -3.558499922464461451e-01 8.098971005261218492e-01
4.820864169047299752e-01 7.040279741758368459e-01 5.214760763580881253e-01 -4.859324161447370338e-01 7.101296100851688387e-01 -5.094954600583052606e-01 -7.290146593695474575e-01 -7.781288977627722619e-03 6.844538537886610818e-01
-5.711110881094249025e-01 -5.154253560092076913e-01 -6.388809180287440270e-01 4.848092209591723378e-01 -8.398449657995453732e-01 2.441729974713028606e-01 -6.624138769013145911e-01 -1.702854538824206121e-01 7.295277375704293243e-01
2.346069524676516194e-01 -7.295167253419400089e-01 -6.424678398956743530e-01 9.440520762162614155e-01 1.339578393571332765e-02 3.295242485227968809e-01 -2.317870903342274524e-01 -6.838317778658141721e-01 6.918445232386195576e-01
9.096474159794163405e-01 -1.914060681593359250e-02 -4.149400146680105039e-01 -3.743420014963355635e-01 3.951660461564073801e-01 -8.388753553900779592e-01 1.800267883335376073e-01 9.184102749511406927e-01 3.522966397036479402e-01
8.225065237466887558e-01 -1.295626182458798964e-03 -5.687541997620177980e-01 -3.306069890837464720e-01 8.126115002616414174e-01 -4.799599654257673542e-01 4.627980522464602564e-01 5.828043162119850296e-01 6.679499171656235745e-01
8.000052660649129566e-01 1.433851448179938870e-01 -5.826081655057118169e-01 -3.860551087077594978e-01 8.663360538888859042e-01 -3.168963470488000977e-01 4.592962304537758778e-01 4.784376051041101530e-01 7.484279729627932864e-01
-1.004106639748381657e-01 -9.614619874824120727e-01 -2.559463717002103955e-01 6.021028271419161942e-02 2.509030329509328028e-01 -9.661378731379388629e-01 9.931225606216028678e-01 -1.124211487327597542e-01 3.269655795336073173e-02
-7.799543009159408680e-01 -2.122324173964644511e-01 5.887518063571267612e-01 -5.783779287085333287e-01 6.037908315191719000e-01 -5.485577484241881407e-01 -2.390612056891567028e-01 -7.683710254684520402e-01 -5.936798018755617967e-01
-2.428399268976599579e-01 1.860612288537518699e-01 9.520556648756263174e-01 -8.092413040260996171e-01 5.023496747436854148e-01 -3.045871240598522212e-01 -5.349367081837602678e-01 -8.444086826900502052e-01 2.857787317448892694e-02
3.465732824672392298e-01 -6.845488123723526552e-01 -6.413110659886391840e-01 9.130942684547111998e-01 4.027699151937494948e-01 6.352363599460966737e-02 2.148157740833736562e-01 -6.075930536917134583e-01 7.646468886424241385e-01
-8.004291865119053107e-01 4.668331771343757763e-01 3.760051889356237909e-01 -5.434340601491153278e-01 -8.298622753824269616e-01 -1.265228286395340129e-01 2.529674675718942001e-01 -3.056065912635488324e-01 9.179390348637197494e-01
-7.791837189778466621e-01 -3.940753655572379888e-01 4.874190582453474252e-01 4.553032244106958726e-01 -8.903001237467802476e-01 8.041361681412928161e-03 4.307803453281910389e-01 2.281891669589007632e-01 8.731311460264874480e-01
1.309905643192480762e-01 -9.710697093411316816e-01 -1.996624442889931017e-01 9.797554008635331879e-01 1.575574369380789985e-01 -1.235111676903796057e-01 1.513962566844464230e-01 -1.794415605862630936e-01 9.720493299191682590e-01
-6.705559511709011655e-01 2.892073604661379305e-01 -6.831645621674896640e-01 -6.409525163413278825e-01 -6.895394289329522808e-01 3.372169149709699498e-01 -3.735432881809127581e-01 6.639988543657494580e-01 6.477429530731807494e-01
8.362031693258710208e-01 4.460924059618571191e-01 3.190075625318789521e-01 -5.450540337770991561e-01 7.403508511521981195e-01 3.934421399158061217e-01 -6.066596964264110020e-02 -5.028739231073506843e-01 8.622281934534156145e-01
2.996234534692838736e-01 9.266153150580698217e-01 -2.271780007636610976e-01 -6.284197742623696126e-01 3.708446792046873886e-01 6.837856471304478712e-01 7.178540056635279720e-01 -6.211506906867739208e-02 6.934171506008638408e-01
-5.950386473790302000e-02 7.127256331000226819e-01 6.989144883341776859e-01 9.797223017543736923e-01 -9.249415161067776892e-02 1.777330677249814028e-01 1.913204158639770780e-01 6.953179156616007273e-01 -6.927694382936085971e-01
1.150170368430044610e-01 -1.116043561877749779e-01 9.870742367804802297e-01 9.334270450768599181e-01 3.520777681725096864e-01 -6.895793411744970125e-02 -3.398308884650378392e-01 9.292931253585046125e-01 1.446694660475602578e-01
1.072378199307663926e-01 8.916331294364986115e-02 -9.902272232176863032e-01 -1.944209243170446078e-01 9.786230152410843042e-01 6.706338962619678989e-02 9.750387449554006603e-01 1.853291603212020855e-01 1.222806124062012362e-01
1.627174816547451996e-01 -9.598648128863036533e-01 2.284350282830525658e-01 4.716325558657989414e-01 2.790241723535228369e-01 8.364856504985163088e-01 -8.666520371010685286e-01 -2.837344225103765813e-02 4.981056056333789672e-01
5.037780622345378045e-01 -7.665048274596870659e-01 3.983440893150164697e-01 7.089830714213447571e-01 6.303323430172365072e-01 3.162659352259699630e-01 -4.935085292567603643e-01 1.230913759261659385e-01 8.609865531606361033e-01
-2.501919876263689613e-01 3.809655395827172830e-01 -8.900950662586644135e-01 -1.466236293910746502e-01 -9.236387235502818704e-01 -3.541087681244207142e-01 -9.570295087570479531e-01 4.191379258496084892e-02 2.869455581802748401e-01
6.829369000156528813e-01 4.207924968396514198e-01 -5.971020559338765521e-01 -5.057146699761745356e-01 8.622063004891389326e-01 2.920561534570762646e-02 5.271146584642653066e-01 2.820176767514485094e-01 8.016334366977319048e-01
8.887584526338442314e-01 -3.138612981915890887e-01 -3.340651109729758095e-01 -1.423461449934351475e-01 -8.817523649719324341e-01 4.497225165275943737e-01 -4.357131945183713717e-01 -3.521418071798556593e-01 -8.283418133588944521e-01
9.996630882924429917e-01 -2.513400347010809333e-02 -6.480106108738401330e-03 -2.284316189972269637e-02 -7.333733400030808536e-01 -6.794422228027550137e-01 1.232476612512239424e-02 6.793613368762535520e-01 -7.337003980492793342e-01
9.491085543252092416e-01 -1.556821630409197799e-01 -2.737809639430975328e-01 -2.865265078693569611e-01 -6.593351337223347930e-02 -9.558008851756650825e-01 1.307498083933682220e-01 9.856042998715528469e-01 -1.071851280719651189e-01
5.683584603531914858e-01 -5.424449374240402078e-01 6.186454157334229098e-01 -7.076743693859406381e-01 -7.058475518065017162e-01 3.124452788856950033e-02 4.197209161563929536e-01 -4.555575962178626259e-01 -7.850488068069659819e-01
9.871994115423713412e-01 -1.276360557279023755e-01 -9.563659931542807524e-02 1.409440552653728196e-01 4.175098422564129663e-01 8.976749438991694641e-01 -7.464646767093177648e-02 -8.996635865128971288e-01 4.301550138810467105e-01
9.566636228217206828e-01 -2.815314789162692843e-01 -7.439582749616191482e-02 2.289651427741572487e-01 5.694035761222276948e-01 7.895280431331292981e-01 -1.799157474042509808e-01 -7.723468093275435153e-01 6.091885832462170525e-01
-7.383103730429133038e-02 9.584960004402761635e-01 2.753804551353758456e-01 9.019847380268183334e-01 1.819716884037874405e-01 -3.915480008711163529e-01 -4.254086391897385910e-01 2.194805726242516075e-01 -8.779839223717402774e-01
-3.898194981780638835e-01 8.811373713598701363e-01 -2.676521840621163828e-01 9.157081612813715576e-01 4.016854217356199408e-01 -1.128651087657913527e-02 9.756701390783750760e-02 -2.494909913365531695e-01 -9.634494916906709561e-01
3.451933626381825659e-01 5.790405174517950782e-01 -7.386160176571460179e-01 7.625314232028208572e-01 2.857811069576999263e-01 5.804093275734912849e-01 5.471630205147501869e-01 -7.635713706361632047e-01 -3.428868485754245077e-01
1.584826756396198744e-01 9.631569094884159243e-01 -2.172832465396963009e-01 2.217295237955639875e-01 -2.491613024329955295e-01 -9.427378552107078535e-01 -9.621430557871835099e-01 1.012295069365484884e-01 -2.530480727567072097e-01
3.124855898900320561e-01 8.925648327630745227e-01 3.250857970224224625e-01 3.096030242317528158e-02 3.324719728697059784e-01 -9.426048201287700046e-01 -9.494178299278691613e-01 3.046151778404195265e-01 7.625862340945711859e-02
8.221410235707993230e-01 3.848212936042764709e-01 4.195196173609638257e-01 1.039886167100140674e-01 6.230107104850410860e-01 -7.752702897800625159e-01 -5.597057306805925947e-01 6.810067742758917353e-01 4.721856292112755482e-01
-8.627648036149517807e-01 4.292978136160882086e-01 -2.670960143238758633e-01 4.585357801941154499e-01 8.869352567741729532e-01 -5.559486102785011347e-02 2.130301197601586760e-01 -1.704383686714305846e-01 -9.620649305320271294e-01
-5.487560657808408099e-02 3.563479881994582876e-01 -9.327404671766345023e-01 6.508876699877771399e-01 7.211596749882598356e-01 2.372213401629597318e-01 7.571881594825492501e-01 -5.940916044492017267e-01 -2.715165863486118658e-01
-7.169776986601953395e-01 6.729275327077721691e-01 -1.819656982723960037e-01 4.970800056868617256e-01 3.105232169746949822e-01 -8.102387300456800334e-01 -4.887273755073269221e-01 -6.713746103655673370e-01 -5.571370432723019572e-01
2.094228402556105317e-01 4.051456755859966785e-01 8.899432878185213891e-01 2.378304321428099666e-01 8.616895044581062146e-01 -4.482498002827304262e-01 -9.484612588429943703e-01 3.055293430436917812e-01 8.410149233665777102e-02
5.284983829039109349e-01 3.415747761333309263e-01 7.771847473911309701e-01 2.348718591692439683e-01 8.209159579412047547e-01 -5.205114789972047351e-01 -8.157969533151825381e-01 4.576283014706797880e-01 3.536264535561878808e-01
-8.777225012389823222e-01 4.420556930258740524e-01 -1.849053138289952769e-01 5.892478883925725275e-02 4.825342811341337135e-01 8.738927490205040671e-01 4.755324174849006047e-01 7.561398229122571202e-01 -4.495792345373469390e-01
-5.950902762323507789e-01 5.788994205410322724e-01 -5.574432922109315847e-01 -3.933672954185270937e-02 6.718186306438955757e-01 7.396704328474354995e-01 8.026955742014876272e-01 4.620986782247040181e-01 -3.770207245501573934e-01
-5.225172576228154231e-01 6.149866945446901267e-01 -5.905650523179716282e-01 -7.177299634236873616e-02 6.584565307843343041e-01 7.491886505170096688e-01 8.496024673236128866e-01 4.338506224502342024e-01 -2.999154629511018300e-01
9.672823320066231689e-01 -1.731677554313998044e-02 -2.531106862078669750e-01 -1.502951882923780902e-01 7.646470033619852114e-01 -6.266787986087412055e-01 2.043923838208934474e-01 6.442166479797963863e-01 7.370269085329841374e-01
-7.896013847716824019e-01 -4.437990064292721831e-02 6.120131351413674592e-01 4.028740091963444736e-01 -7.897989296200811360e-01 4.625042523967081709e-01 4.628414262797848622e-01 6.117581835904594145e-01 6.415058370189602455e-01
-7.063977877004272710e-01 -3.874016982381451313e-01 5.923867737670579503e-01 6.833011232171950500e-01 -5.915862918625344191e-01 4.279313429633967436e-01 1.846665658479140493e-01 7.070683018510572904e-01 6.826072633479667306e-01
-5.857962425485315761e-01 -5.285700374162836113e-01 6.143748674561569922e-01 7.930978677977287283e-01 -5.299260161978321948e-01 3.002901754160325898e-01 1.668488367077179402e-01 6.631682538409416905e-01 7.296364387740229551e-01
-2.679370839015548511e-01 -6.530496106454313221e-01 7.083332020357240300e-01 9.633513163508641286e-01 -1.718292351585880284e-01 2.059829003336738351e-01 -1.280470051929037852e-02 7.375641802451263773e-01 6.751556262551222654e-01
-3.345930588111439286e-01 -5.743661382510029112e-01 7.470950570215497688e-01 9.396869555654665529e-01 -2.630546187272825853e-01 2.186108256842486386e-01 7.096414964971621553e-02 7.751811445055111216e-01 6.277406173473394357e-01
4.919028221935914935e-01 -8.112994886583715370e-01 3.159505550250623074e-01 8.431105033790046166e-01 3.533225114210169493e-01 -4.053737559526356948e-01 2.172470773335775651e-01 4.657857260863739191e-01 8.578154607864143522e-01
-8.507725193970020472e-01 3.602136824564461381e-01 -3.826646354316587950e-01 -3.968500409333133305e-01 -9.176979288219238029e-01 1.845417153867334736e-02 -3.445230982824012966e-01 1.675607782481268460e-01 9.237029935768192868e-01
3.415654993118564242e-01 -7.130006354319233797e-01 -6.123423091323318967e-01 8.818367601187097060e-01 1.775135346383742777e-02 4.712205618959550701e-01 -3.251106552901333879e-01 -7.009386444788699988e-01 6.348134202212052379e-01
9.414918633969053888e-03 -1.663439574758617812e-01 -9.860228431017127315e-01 -6.012335040738784331e-01 -7.888614448784582178e-01 1.273416442618715005e-01 -7.990179177503854424e-01 5.916310578354893046e-01 -1.074386267517344062e-01
6.385569393318105691e-01 -6.385180627012575494e-01 4.295808641401795969e-01 -1.550236179888437593e-01 4.400370562462633806e-01 8.844970700888569182e-01 -7.537988545340461588e-01 -6.313969217016789370e-01 1.820033355980173184e-01
6.385569393317991338e-01 -6.385180627012972954e-01 4.295808641401374639e-01 -1.550236179887490573e-01 4.400370562462803670e-01 8.844970700888650228e-01 -7.537988545340750246e-01 -6.313969217016267566e-01 1.820033355980774370e-01
-3.787256699520355485e-01 -9.237084119900189627e-01 -5.770300285305118154e-02 -8.364402598630709118e-01 3.682989378248764933e-01 -4.058615331332427467e-01 3.961496669184265129e-01 -1.054450663423618928e-01 -9.121111661329853737e-01
-4.758825775179577611e-01 -7.537146452081816550e-01 4.532659329947150706e-01 -8.784239686797049584e-01 3.817257382770972707e-01 -2.875009425824588960e-01 4.367039802729093950e-02 -5.349763493235096812e-01 -8.437376381320369489e-01
-9.263899061833186926e-03 -6.306936624995337359e-01 7.759766003283196101e-01 -8.397846675805462624e-01 4.261747549914388089e-01 3.363581280489866820e-01 -5.428405772147137931e-01 -6.485372636101273125e-01 -5.335949076202705088e-01
8.584652361669867782e-01 -4.691535095072454919e-01 -2.072014063895197544e-01 -2.141816853931615972e-01 3.914065353721073864e-02 -9.760093313502823387e-01 4.660082015747197826e-01 8.822488275751434461e-01 -6.688319899182654238e-02
5.792147190332164186e-01 -7.741170869197642190e-01 -2.554467556931018790e-01 2.978216238950903150e-01 -9.074599862789378690e-02 9.502986078457222874e-01 -7.588231609510638354e-01 -6.265045087402684176e-01 1.779873898127367071e-01
3.998529162512472479e-01 3.642820935107001779e-01 -8.410803776767326045e-01 6.821689261855422293e-02 -9.269121112597089596e-01 -3.690262776030152625e-01 -9.140372535771409401e-01 9.018034346536120405e-02 -3.954787032516767220e-01
7.553084380669887743e-01 2.681709973361818267e-01 -5.979912035912602342e-01 -6.433615097608855748e-01 1.295353547745494993e-01 -7.545240616584907301e-01 -1.248804674198503994e-01 9.546229140614368447e-01 2.703700442095065548e-01
8.415307665966317296e-01 5.246570286321989851e-01 1.286894369329413257e-01 -3.810058667176108305e-01 4.075598615071495123e-01 8.298972760619444111e-01 3.829627898347928716e-01 -7.474155213769012596e-01 5.428715686116257766e-01
3.561859300925310223e-01 -3.926314551247745976e-01 8.479222391532852399e-01 -7.985708140383294129e-01 -5.990957158606853294e-01 5.804289968233211638e-02 4.851971126977973059e-01 -6.978000169704609013e-01 -5.269334855043338317e-01
6.768190885480406260e-01 -5.385726376409001315e-01 5.018520054373836192e-01 7.270222990499579652e-01 5.960450245439536943e-01 -3.408355987870276826e-01 -1.155616634577126545e-01 5.955416380916799257e-01 7.949689674685200824e-01
9.413708431234226737e-01 1.793987716727242221e-01 -2.857219215240831001e-01 3.373425038475254545e-01 -4.890333247323051524e-01 8.043919706207603992e-01 4.579390240941180225e-03 -8.536172959960368622e-01 -5.208805440419478350e-01
4.687601978770029598e-01 8.828552318841506041e-01 -2.881868180704772603e-02 1.569410011243604561e-02 -4.094412246991989413e-02 -9.990381744742434789e-01 -8.831860348239061187e-01 4.678570490758379719e-01 -3.304859334487769695e-02
3.890342924558710669e-01 9.037094881390694834e-01 -1.787777400594967869e-01 2.642865544424724891e-02 -2.049343997943590123e-01 -9.784188356487906191e-01 -9.208440940054780643e-01 3.759136241589908778e-01 -1.036103359075914998e-01
-2.942137636425046221e-01 5.031958617334105766e-01 -8.125467285133106676e-01 9.394314985228608972e-01 -4.125137387475103293e-03 -3.427118947813560523e-01 -1.758030741096553440e-01 -8.641625471957837812e-01 -4.715043702424083216e-01
6.381615358671294258e-01 -4.954436817840812135e-01 -5.893092671254547277e-01 7.683363645885613602e-01 3.610335089021048938e-01 5.285016899695474946e-01 -4.908243056879086491e-02 -7.900571901008611730e-01 6.110650958608192518e-01
-8.927580544377905492e-01 4.494343314760214647e-01 -3.149345848191930503e-02 -2.292852663285117332e-01 -5.134005197804608622e-01 -8.269511309223879225e-01 -3.878289866437449884e-01 -7.310462967417691305e-01 5.613911195762110173e-01
-9.612491089016254042e-01 -2.515717654163078243e-01 -1.127466074041837685e-01 2.462131655014717924e-01 -5.994460879287505373e-01 -7.616058460914423289e-01 1.240130145169281994e-01 -7.598526399982030721e-01 6.381572985700201261e-01
-5.833692042866990279e-01 4.930719419630311129e-01 6.454149297457484336e-01 -8.115723299801224089e-01 -3.852836653014782287e-01 -4.392116237788956101e-01 3.210490150334177617e-02 -7.800234338150772162e-01 6.249261700383470508e-01
2.570612400732466551e-01 7.388328308799357869e-01 6.229330356193554241e-01 -7.297143472442417789e-01 5.710079242287323664e-01 -3.761208873406322040e-01 -6.335901595494637384e-01 -3.578770717466190909e-01 6.859209220020558995e-01
-4.016580186729738072e-02 6.093703261839267249e-01 7.918677376474255736e-01 -7.974123672236361760e-01 4.580023604527636572e-01 -3.928961114830407109e-01 -6.020965246197275134e-01 -6.472261145737182586e-01 4.675234022534640044e-01
-9.498746967896813942e-01 7.365671461064710046e-02 -3.038301314739477732e-01 2.774202426450586567e-01 6.466610869283233587e-01 -7.105402505301416927e-01 1.441390626078423443e-01 -7.592128338255657027e-01 -6.346808675114502529e-01
-8.067988278261063392e-03 -7.259366313882500421e-01 -6.877142682639513227e-01 4.911329121312173474e-01 5.961939620207317159e-01 -6.350915070062992385e-01 8.710472835539134762e-01 -3.428830221208135631e-01 3.517212858992839752e-01
6.174026793674061153e-01 -6.194752168411611359e-01 -4.848343915498822265e-01 7.091144983910798727e-01 7.050901882147659894e-01 2.110605323889091535e-03 3.405445047002156889e-01 -3.451061897486953911e-01 8.746034290554904889e-01
-9.330299661062152472e-02 -1.626209240651259047e-01 9.822672680486118635e-01 -5.822377956027728896e-01 -7.913802416111576088e-01 -1.863235426860757049e-01 8.076470146017395990e-01 -5.892976737130998233e-01 -2.084590034580592610e-02
6.743783935202969371e-01 5.486222245310055090e-01 4.941937242657322704e-01 -4.593685900284960044e-01 8.357232497141814376e-01 -3.009105321892202034e-01 -5.780953907861704488e-01 -2.408951302577675563e-02 8.156135203109164955e-01
1.607674342406220924e-01 1.062763982703846116e-01 9.812538709520397529e-01 -7.138053680632366893e-01 6.991295315960993628e-01 4.122856502870523437e-02 -6.816419357784515576e-01 -7.070524911354839626e-01 1.882579245803796264e-01
-9.149960330527410202e-01 -2.800146889116214011e-01 -2.904720872846053292e-01 -2.574798179011544841e-01 9.595437545443153970e-01 -1.139294803314178650e-01 3.106226052162591178e-01 -2.945432241159907927e-02 -9.500768600591942281e-01
3.461304882320194176e-01 -5.958731845574597452e-01 -7.246577351009338974e-01 -2.377494511830795243e-02 7.665836680205930787e-01 -6.417041622965481418e-01 9.378850873645904196e-01 2.393420728778052897e-01 2.511711270223351833e-01
3.917753318772174143e-01 -5.847752045270110388e-01 -7.103168655627494221e-01 5.137633454448034542e-02 7.847323651096514974e-01 -6.177018596363351710e-01 9.186253651958835587e-01 2.055068741424610768e-01 3.374823893167240296e-01
7.477609823762196850e-01 7.785425975561238027e-03 6.639223602034581839e-01 -6.258146721507276133e-01 -3.258135952187991569e-01 7.086617650836527504e-01 2.218321648378090705e-01 -9.454019718156821961e-01 -2.387584602278876311e-01
7.069062658144442679e-01 1.692289853538233094e-02 7.071047637072176428e-01 -6.222349353063117983e-01 -4.604701065792091708e-01 6.330805369234487889e-01 3.363141635980097521e-01 -8.875138852165037617e-01 -3.149791848857287357e-01
9.562416229292921566e-01 2.506184584152581496e-01 -1.509713445628442507e-01 -1.819859307087546840e-01 1.054526132269406891e-01 -9.776302303978113839e-01 -2.290918584359164789e-01 9.623253787909623602e-01 1.464472114217588161e-01
3.537718590299341881e-01 -8.691772884022023193e-01 3.455087742508134996e-01 -1.354101352894943600e-01 3.179115170188730466e-01 9.384009604681997629e-01 -9.254780208191797364e-01 -3.787652421653205370e-01 -5.227265830304861360e-03
-5.994625188470167204e-02 -9.954587365789222542e-01 -7.394829716546565124e-02 -2.300075476381834572e-01 -5.831307518281686475e-02 9.714402263094692458e-01 -9.713408129562174365e-01 7.524286698032747744e-02 -2.254673724824413639e-01
2.043388394129154184e-01 -9.787955033690913798e-01 1.431786617587261883e-02 1.406282465521084546e-01 4.382682476884419698e-02 9.890919601848762177e-01 -9.687462696594305589e-01 -2.000964068021423570e-01 1.466018178803025207e-01
7.784832619209925975e-01 1.152569989997658494e-02 -6.275595343476721988e-01 -5.556528620689570319e-01 -4.523453590905230914e-01 -6.975912649853369674e-01 -2.919138704882454638e-01 8.917683748323225190e-01 -3.457390025228432306e-01
7.335719122768730172e-01 -1.870205078389000353e-01 -6.533724658769543003e-01 1.673284382315030350e-01 9.814979334283210344e-01 -9.307524071922206044e-02 6.586907038037336237e-01 -4.105041197862664692e-02 7.512931654147581018e-01
6.700647823028997863e-01 6.911559797839630370e-01 2.707703808141466162e-01 3.798812263970788305e-01 -6.326700500534279126e-01 6.748472876113859042e-01 6.377330486562691192e-01 -3.493308165253434239e-01 -6.864871005906214574e-01
9.794057059581335878e-01 4.666152539878025418e-02 1.964361605817761536e-01 -1.998972938657488096e-01 3.608697164196647544e-01 9.109413371212996546e-01 -2.838194922482890903e-02 -9.314482002874072686e-01 3.627653720237771773e-01
5.698292390106785010e-01 7.365898506423601555e-01 3.643213283616219544e-01 -4.801655640532249691e-01 6.582320109193432467e-01 -5.798031139089596664e-01 -6.668850496644527226e-01 1.554542110453859538e-01 7.287649269842075839e-01
2.324319796992187492e-01 9.537231554031131431e-01 -1.907551248617742889e-01 -6.297598713824500427e-01 -1.887212200769874774e-03 -7.767875789599559821e-01 -7.412002962826326202e-01 3.006801976819198363e-01 6.001779232131917441e-01
-9.226586529240257128e-01 -6.834599123514409347e-02 -3.795126291264996343e-01 2.389517861302758728e-01 -8.737774084092834181e-01 -4.235741782246741916e-01 -3.026599644643694353e-01 -4.814996012829527716e-01 8.225296832788377976e-01
9.996104540563304219e-01 2.561389620674175624e-02 -1.108460474745011012e-02 -1.117333935097901410e-02 7.312160121060826690e-01 6.820544700589721288e-01 2.557531288263732022e-02 -6.816649264563843236e-01 7.312173626290390249e-01
-9.461300521614265380e-01 7.199715593876354625e-02 -3.156807468531235283e-01 -3.067703336096351263e-01 -5.112332315689087636e-01 8.028278429131890936e-01 -1.035851669596069557e-01 8.564210369183723470e-01 5.057797155972257874e-01
-1.076742941196674602e-01 6.202060189730077555e-01 -7.770139898454112570e-01 -9.941861015213658836e-01 -6.755741894921986346e-02 8.384503972608182976e-02 -4.918613422444390731e-04 7.815244648599130040e-01 6.238744015407645671e-01
-3.516257143023626686e-01 5.426866653733135593e-01 -7.627912822439347762e-01 -9.075973323368372592e-01 -3.973003138125216216e-01 1.357186169231340833e-01 -2.294045321618772559e-01 7.400294885141163181e-01 6.322419764244742169e-01
9.019089085734696143e-01 -6.206015551356448140e-02 4.274445668545162613e-01 -2.499286690435613134e-01 7.321377183473691819e-01 6.336481845339908547e-01 -3.522725947699124616e-01 -6.783235942164630439e-01 6.448109184120043302e-01
-9.211464822841572975e-01 -4.675796432436272326e-02 -3.863972708855025195e-01 -3.277023524547900135e-01 6.288118225944336892e-01 7.051289668997180460e-01 2.100007770726561862e-01 7.761503620676269977e-01 -5.945504933066428910e-01
-1.926440746505019286e-01 -1.285440083716044846e-01 9.728127766501695195e-01 6.931056998731704999e-01 6.839513539169193024e-01 2.276291595524078393e-01 -6.946169802886870137e-01 7.181134892111231682e-01 -4.266459079437916885e-02
-7.695970158748891565e-01 2.234728833554414096e-01 5.981473928399848594e-01 6.286055869009011809e-01 1.006417775562471889e-01 7.711849640179017085e-01 1.121403106533919447e-01 9.695004399251834215e-01 -2.179299146777160801e-01
1.138728837380944825e-01 5.050554300833743904e-01 -8.555419211777225419e-01 1.251149098940008697e-01 8.469973258702299113e-01 5.166640971568426943e-01 9.855857272055974505e-01 -1.658750810458800296e-01 3.326006338894029607e-02
-8.157571834151834400e-01 2.354307011039102615e-01 -5.283110851423126197e-01 1.223715363947151802e-02 9.202302693665441735e-01 3.911860214940993674e-01 5.782650514922466067e-01 3.126477831670952945e-01 -7.535654542927046062e-01
9.169820521171155869e-01 3.953617383393815965e-01 -5.322604580791349266e-02 -3.491437898766628911e-01 7.308273194369914183e-01 -5.865066437433616997e-01 -1.929832378359438161e-01 5.563996091136333977e-01 8.081936308166203231e-01
-1.103686313283857301e-01 9.517336759231083132e-01 -2.863944401216391711e-01 -6.052755233589587336e-01 1.641936297919125987e-01 7.788979347503081074e-01 7.883275372846225704e-01 2.593134436346190008e-01 5.579392725997318614e-01
-6.138669318088652016e-01 -4.783410854406978108e-01 6.279786588818008219e-01 6.261034152865544433e-01 -7.795262733708068215e-01 1.825657391556845255e-02 4.807929943313259402e-01 4.043866900678574905e-01 7.780163889648343822e-01
-6.970643756750904974e-01 6.118648289041443977e-01 3.737949803231689350e-01 -6.756803055249688272e-01 -7.349942157573440271e-01 -5.691772596416258545e-02 2.399111937579841425e-01 -2.922412256225134231e-01 9.257632986656310070e-01
-3.936142214646490278e-01 8.875247627050610877e-01 2.395154279918171036e-01 -8.883823541721042050e-01 -4.342262157796162869e-01 1.490784569458119546e-01 2.363147000429903222e-01 -1.541018790120326221e-01 9.593789519415947264e-01
-9.616407869169110167e-01 -2.062716782047648578e-01 -1.808286252461550059e-01 1.701048062590149457e-01 -9.655709521049423705e-01 1.968174060868050079e-01 -2.152007245001916480e-01 1.585078270046790250e-01 9.636202140640511837e-01
2.197779255628136141e-01 -9.706977640277737462e-01 9.717774614996406435e-02 9.127895597301948216e-01 1.694640344997837278e-01 -3.716142632604584328e-01 3.442570015015866125e-01 1.703754440127352721e-01 9.232872386178636592e-01
-9.586961264616755685e-01 2.844305588584215005e-01 9.971433521309424914e-04 -1.423847876221501219e-01 -4.768786542297832054e-01 -8.673599722109536225e-01 -2.462281652475481475e-01 -8.316766236509699484e-01 4.976803033186559255e-01
7.929624324960209414e-01 4.160283981808352016e-01 -4.451190318971789406e-01 -2.307486614591851559e-01 8.812208146474033166e-01 4.125590031340500841e-01 5.638844171324366439e-01 -2.244331698730275271e-01 7.947729967581668165e-01
-2.439390572708090982e-02 1.657211407445496887e-02 -9.995650566113650770e-01 3.664547677310385221e-01 -9.301168235403007856e-01 -2.436386206027457701e-02 -9.301160360786007164e-01 -3.668897104068259973e-01 1.661625189464744842e-02
7.355455454154936623e-01 -5.517400514109915832e-01 3.931356843233904108e-01 6.253593024895289787e-01 7.761467870469133112e-01 -8.075832927050470567e-02 -2.605733935175150173e-01 3.052524866823363991e-01 9.159270855068194495e-01
-2.921267655303786889e-02 -9.340884848124706430e-01 -3.558445195156875185e-01 9.536449045638455413e-01 8.062652895347416360e-02 -2.899323349133876015e-01 2.995129638730546495e-01 -3.478190123751971341e-01 8.884334072412635175e-01
-6.378514651790541112e-01 -4.745509120869051412e-02 7.686959884683339794e-01 -6.258743366892736137e-01 -5.496974810719605919e-01 -5.532756943666543581e-01 4.488059971108849799e-01 -8.340148041980531834e-01 3.209244199742175563e-01
-5.255898713872355632e-01 3.925014185224930952e-01 7.547833620006342281e-01 -8.475853832162280055e-01 -3.179006608380915977e-01 -4.248978559570582569e-01 7.317311837928698603e-02 -8.630653545917226221e-01 4.997638326751102089e-01
-6.392659881693794066e-01 2.933593231416931069e-01 7.108300105480034325e-01 -7.630830251987696933e-01 -3.563129681794912629e-01 -5.392080909636043362e-01 9.509623033181094365e-02 -8.871197079498170934e-01 4.516362814740539910e-01
7.209692418828467231e-02 -9.519283464884302770e-01 2.977153954272303005e-01 9.705933617700738258e-01 -1.774079498400417095e-03 -2.407184636246257059e-01 2.296748998268108022e-01 3.063156473210870701e-01 9.238074283073330895e-01
-1.038270887664695663e-01 2.655398513516095682e-01 9.584928392963845134e-01 -1.034650813798527746e-01 -9.613563187824197831e-01 2.551254696657605514e-01 9.891991268563372630e-01 -7.268160483423252716e-02 1.272889301761169212e-01
5.848732863890832023e-01 8.027190450813463940e-01 1.164704835231876595e-01 -7.942820683777251922e-01 5.959032382762249336e-01 -1.183863440837319564e-01 -1.644361113686302611e-01 -2.326940642991007224e-02 9.861132287939166075e-01
-3.225847598990219667e-01 -8.064131020772434821e-01 4.956177776059364493e-01 -5.647722764958789110e-01 -2.562077651987066385e-01 -7.844678812759301456e-01 7.595863008128522775e-01 -5.329685636602236043e-01 -3.727910430353786886e-01
