8.407975133334939510e-01 4.891628112966826536e-01 -2.319036127716407603e-01 -5.413495703583888208e-01 7.600827935662314294e-01 -3.594645874037408206e-01 4.292376975543194927e-04 4.277778523590015647e-01 9.038838004888235522e-01
5.223444472764972035e-01 -4.458649057027807248e-03 8.527229320523737055e-01 -5.235946155326516305e-01 7.876040444623514380e-01 3.248515780041114631e-01 -6.730564292721862296e-01 -6.161655537232934021e-01 4.090660746386111657e-01
-5.412832348383449926e-02 1.915472941469260892e-01 -9.799896727526370421e-01 -3.116332816160201080e-01 9.291677905395421266e-01 1.988263433579571804e-01 9.486594870584807992e-01 3.161595343001013525e-01 9.398217122591402684e-03
-7.448787398593864628e-02 4.593347534943513777e-01 8.851345326340729347e-01 2.795262252943536141e-01 8.616346687151171801e-01 -4.236163205553829525e-01 -9.572442979729601786e-01 2.158640356809679028e-01 -1.925774444159562282e-01
1.913019857591805595e-01 8.049179066802909510e-01 -5.617034037194480467e-01 4.781110921350594789e-01 4.233724374268523771e-01 7.695229449500947672e-01 8.572125371353449541e-01 -4.157678952644913162e-01 -3.038481914465184786e-01
5.786322229874882872e-01 7.049028425810091036e-01 4.102398481885576320e-01 6.260420898090517383e-01 -6.148873622078054879e-02 -7.773612011835209223e-01 -5.227389906139322528e-01 7.066336517879575618e-01 -4.768782128098776329e-01
8.865833094804144165e-01 4.583513816631539228e-01 -6.232211708722417559e-02 2.844994232321598204e-01 -4.340802143615498654e-01 8.547715751476526735e-01 3.647329345306291604e-01 -7.755568183101150259e-01 -5.152489767494614625e-01
9.936983536083126012e-01 4.882250075853988153e-02 -1.008957157455734610e-01 -4.790868834140802474e-02 -6.287828345518881035e-01 -7.761036686901425785e-01 -1.013328160939732242e-01 7.760467192074039788e-01 -6.224814454984901602e-01
8.911547732439155656e-01 -3.935372730218924531e-01 2.257688748855303240e-01 -4.284738006503466812e-01 -5.663907487369287397e-01 7.039969615711905160e-01 -1.491756423845148893e-01 -7.241063005441353839e-01 -6.733622303273726351e-01
6.274253442615860266e-01 -6.246812173981831640e-01 -4.648772031495572721e-01 -7.599409764420238522e-01 -3.610571069015717227e-01 -5.404881847739232414e-01 1.697855992202351449e-01 6.923952210882098335e-01 -7.012572339103783081e-01
2.762967661443343492e-01 -8.777068902934289651e-01 3.915235775143335872e-01 -8.337000624846562236e-01 -1.621922178035584139e-02 5.519792954975034638e-01 -4.781258232215280235e-01 -4.789233253625040376e-01 -7.362256078081348409e-01
-9.913551034176190657e-02 -7.721394527622000847e-01 -6.276725388905977088e-01 -9.319633067050147046e-01 2.931109055774656635e-01 -2.133785181010811605e-01 3.487356384781080676e-01 5.638143865844934544e-01 -7.486633368448182280e-01
-4.309606864659186187e-01 -7.825015008536579941e-01 4.494043701196029916e-01 -6.921932974771209945e-01 6.061763667858163229e-01 3.916869301854450369e-01 -5.789139190316417993e-01 -1.422730245412686390e-01 -8.028804773061214428e-01
-6.689066411445981908e-01 -4.363752398633383711e-01 -6.017811524689568037e-01 -5.925138615084688531e-01 8.018576284190381820e-01 7.714705222183744493e-02 4.488777443279794443e-01 4.081678500083143479e-01 -7.949262713400629954e-01
-7.999488611371911029e-01 -2.878312421464433446e-01 5.265310965268302779e-01 -1.827481322941801045e-01 9.526274135336055826e-01 2.431134120678289379e-01 -5.715635920073107723e-01 9.825572262575153759e-02 -8.146538364624522632e-01
-8.612568759303902421e-01 1.305117621002959694e-01 -4.911244990998722693e-01 -1.669307304331820938e-02 9.586697037580004244e-01 2.840312313970403957e-01 5.078955945615153400e-01 2.528222281565138396e-01 -8.234822317299753669e-01
-7.990364872363391324e-01 2.827042013880671223e-01 5.306778934368255873e-01 3.918160675588232000e-01 9.142710996499066045e-01 1.029005614546899261e-01 -4.560930401439505233e-01 2.901494285062196643e-01 -8.413040163161964458e-01
-6.937617311923767183e-01 6.391147719464954635e-01 -3.320044707722105137e-01 5.054445106242066998e-01 7.604583877414140547e-01 4.077117697511141170e-01 5.130501993107619008e-01 1.150449859555319476e-01 -8.506139807184449619e-01
-4.880586261323893171e-01 6.992124454706110104e-01 5.223990175687285298e-01 8.109349034926689459e-01 5.846084574350580709e-01 -2.485022721702737775e-02 -3.227744719693620978e-01 4.115032291421418242e-01 -8.523389775497126619e-01
8.417163834507802589e-01 4.365806162555493919e-01 -3.176647530659707508e-01 3.433142792673612650e-03 5.840156458168473952e-01 8.117351408998481066e-01 5.399090139654127984e-01 -6.843413555756043820e-01 4.900766936795096229e-01
8.261559847390362865e-01 5.338760195986496093e-01 1.801185292449830333e-01 -5.440591282358051561e-01 8.390024976999189699e-01 8.629822512269449616e-03 -1.465126406258834557e-01 -1.051247095158878986e-01 9.836070564946304273e-01
5.875686802685857746e-01 7.784310735583984675e-01 -2.209255749933725921e-01 -5.647116094059656533e-01 1.989331666816093747e-01 -8.009534277323190343e-01 -5.795376123855611183e-01 5.953743855027245901e-01 5.564759625695405720e-01
1.472165812214510372e-01 -9.139990472549816003e-01 -3.780648354852034765e-01 2.478388393605474305e-01 -3.359489891995765531e-01 9.086881678332779932e-01 -9.575506189846492155e-01 -2.274731154944883427e-01 1.770672013935568612e-01
4.047475134801299945e-01 -8.811359981719506518e-01 -2.444970409988077020e-01 3.613213688930304035e-01 -9.151212369019777471e-02 9.279398685254218737e-01 -8.400156657544661787e-01 -4.639233599887275239e-01 2.813339605235224972e-01
8.210951544528192203e-01 -3.080211307964008105e-01 -4.805473237018468291e-01 1.016433241513518271e-01 9.073444939171786405e-01 -4.079149470338667149e-01 5.616683914816323897e-01 2.860925590452950695e-01 7.763244590178454141e-01
8.156983865713269832e-01 -3.397730943002018056e-01 -4.681777296439894598e-01 2.315583719727633272e-02 8.278570281588237822e-01 -5.604610139266903435e-01 5.780137968497184309e-01 4.463260975091045690e-01 6.831493726365164276e-01
8.382821050888277226e-01 -4.954022112881108220e-02 -5.429814718554881736e-01 -4.528038285647944389e-02 9.860981777530690717e-01 -1.598751724328933421e-01 5.433532913457085334e-01 1.586069050280763115e-01 8.243852560915925221e-01
-1.943413513531110082e-01 7.059429278428809296e-01 6.810844454125112302e-01 -7.489366781957460528e-01 -5.551867824234483217e-01 3.617478247003294567e-01 6.335024003169749118e-01 -4.397865610167275841e-01 6.366023009239852870e-01
-7.465863023754784056e-01 -3.812594272746564483e-01 5.452065133685691789e-01 4.315764614226809126e-01 -9.012227561643808560e-01 -3.923393578720153763e-02 5.063108245447532907e-01 2.060067787372009407e-01 8.373831596486367435e-01
7.410024178513763271e-01 -6.662472412032447444e-01 -8.384527611905119582e-02 5.025683585099999240e-01 6.330549540925421992e-01 -5.887838908491417333e-01 4.453543103675755011e-01 3.941523039231855652e-01 8.039300339886964464e-01
1.089622412952397645e-01 -9.898350989551778500e-01 -9.139861513344124666e-02 7.413971414564212159e-01 1.421717224209934072e-01 -6.558334239607609417e-01 6.621612406447278110e-01 3.698407798086817463e-03 7.493522624023989387e-01
-6.749564032908215161e-01 -8.501096169218102724e-03 7.378086371279752864e-01 -7.368805221209427936e-01 5.920870801237380215e-02 -6.734251443288058470e-01 -3.795984425000886731e-02 -9.982094270539763059e-01 -4.622758878730136300e-02
4.187424152207611106e-01 7.754485957598196144e-01 4.725825483756331269e-01 -8.408375528927475306e-01 5.276456388568036004e-01 -1.207571506815721674e-01 -3.429970835742192081e-01 -3.467990125844069293e-01 8.729739088484033127e-01
7.224060130956716508e-01 6.506277490714774681e-01 2.341219434000130217e-01 -6.881579990831503402e-01 7.095776339579328296e-01 1.514534571561089171e-01 -6.758787273684184471e-02 -2.705237762653122657e-01 9.603378394784120031e-01
5.064827939393510281e-01 8.233389925197439618e-01 2.561017040942173417e-01 -8.414472355452100594e-01 5.368075038792693432e-01 -6.167863140693422702e-02 -1.882597387566259106e-01 -1.842569053671571644e-01 9.646800835446981415e-01
-6.477923168561476874e-01 -6.411963317757878311e-01 -4.113786313597463384e-01 3.852247735692210795e-01 -7.415729168652155368e-01 5.492462861053847289e-01 -6.572419554857149571e-01 1.973242840840673251e-01 7.273899496556327504e-01
5.976401470628831536e-01 -7.304321848355853630e-01 -3.305980610574855150e-01 7.921558518939838534e-01 6.015894192575784727e-01 1.028556121339355978e-01 1.237552460656620168e-01 -3.233558318534596188e-01 9.381501186257905633e-01
8.800298888239396211e-01 -4.162445924084308690e-01 -2.286653320187916338e-01 3.312751776547134819e-01 8.830227273731386939e-01 -3.324569439977783092e-01 3.403000902826253116e-01 2.168208989771123751e-01 9.149778938971115938e-01
9.701415721946540227e-01 -2.396076192634965241e-01 -3.759679096099160373e-02 1.728975655312526283e-01 7.919305778132516016e-01 -5.856213723539602789e-01 1.700933912092160438e-01 5.616352452573191156e-01 8.097123498821663379e-01
9.701415721946576864e-01 -2.396076192634788993e-01 -3.759679096100767420e-02 1.728975655312317006e-01 7.919305778132645912e-01 -5.856213723539490656e-01 1.700933912092164046e-01 5.616352452573084575e-01 8.097123498821739984e-01
9.712662189436521709e-01 -2.289336923269292556e-01 -6.504841624867184480e-02 1.509844716533874087e-01 8.039858340092522759e-01 -5.751612539384018952e-01 1.839717947361743378e-01 5.488133956364460442e-01 8.154497136620657560e-01
3.965715362194795479e-01 -7.442461861375778698e-01 5.374277915033720543e-01 8.754344446165956972e-01 1.303935263714682546e-01 -4.654160090276719397e-01 2.763069847820623925e-01 6.550535418575210711e-01 7.032491076855781342e-01
-6.396469799368295073e-01 2.979015056904770753e-01 7.085946894840802202e-01 -5.747681271311008144e-01 -7.974581613189571927e-01 -1.835812653295397223e-01 5.103854828381192421e-01 -5.247048445108306591e-01 6.813159950088983896e-01
5.822719638701572276e-01 8.119732141881185195e-01 -4.072909932476011241e-02 -7.139592507987920778e-01 5.346632242370392696e-01 4.521033342580885184e-01 3.888721490279521964e-01 -2.341681790710879452e-01 8.910351932560873767e-01
5.574482623530171432e-01 8.294881919299814665e-01 -3.465218966143017443e-02 -7.333431306012646589e-01 5.115424111462238965e-01 4.478082339558355218e-01 3.891777069662883948e-01 -2.242179766375520245e-01 8.934578956800506289e-01
3.099903057291804043e-01 -8.695661520975379588e-01 3.843965627840746913e-01 5.088293939655252895e-01 4.932751752014120084e-01 7.055297650465873760e-01 -8.031180848359759095e-01 -2.311511748397673816e-02 5.953713405540246306e-01
9.033885955564850967e-01 -1.250582400591206123e-01 -4.101822546281067017e-01 2.739004161672110582e-01 9.042639567023299518e-01 3.275442849943736578e-01 3.299509167162749668e-01 -4.082488618506637246e-01 8.511552498550001289e-01
9.439176924529142365e-01 -3.126106501840327234e-01 1.062730975641627690e-01 1.754090087009041732e-01 7.474602208559492089e-01 6.407299726909472248e-01 -2.797339263316693247e-01 -5.861550986125533269e-01 7.603756511288195519e-01
2.453376863797191998e-01 -6.330719165999284526e-01 7.341861944046209620e-01 -9.607813487824756749e-01 -5.780198721217764957e-02 2.712160211087283890e-01 -1.292618252755761143e-01 -7.719319132454731669e-01 -6.224246957179719875e-01
5.194942585878959962e-01 -8.507289175116757862e-01 7.991260353426822560e-02 -6.705527790885200679e-01 -4.638548391761503353e-01 -5.789625710091546029e-01 5.296080491749300956e-01 2.471821131924401005e-01 -8.114285656586441853e-01
9.668145101199140390e-01 -2.339668464899195277e-01 -1.026119767139937328e-01 2.217071011217522092e-01 5.687842233094235755e-01 7.920419614051297241e-01 -1.269474865201350999e-01 -7.885074648079485327e-01 6.017809515167141798e-01
9.991592490405215576e-01 3.906126290283347402e-02 -1.245041353599058223e-02 1.242448319365396618e-02 9.065276233866610472e-04 9.999224022018102787e-01 3.906951847863062571e-02 -9.992364064364868126e-01 4.204494549583551546e-04
7.815452322795651829e-01 1.586986647840375186e-01 6.033256033824889730e-01 -3.883554656319302073e-04 9.672262103666089406e-01 -2.539159450682072494e-01 -6.238484584264939459e-01 1.982124914721880293e-01 7.559926647417123391e-01
7.133296916451713487e-01 -6.370896598993261994e-01 -2.920231433752565886e-01 5.542705863988219850e-01 2.578500366654881693e-01 7.913895852516085183e-01 -4.288879434893348996e-01 -7.263815277393604886e-01 5.370521465263145000e-01
-5.065793637180074915e-01 4.111633529454560287e-01 -7.578403825672719307e-01 -2.379907874196388884e-01 -9.115020239695830195e-01 -3.354466357004257659e-01 -8.286964060248113162e-01 1.042868611111754870e-02 5.596012054557752968e-01
9.670459894112303223e-01 2.518124994870374889e-01 -3.758349991346422725e-02 -2.116379281280790503e-01 7.129914308542268930e-01 -6.684703485616222407e-01 -1.415324759244627195e-01 6.543956636703314178e-01 7.427885793603441478e-01
-5.892296113605659524e-01 1.581835922097513669e-01 -7.923297395980386515e-01 7.726564419065423683e-01 -1.764152024786538597e-01 -6.098193987687977602e-01 -2.362424345374862233e-01 -9.715223247512302374e-01 -1.827251033018879520e-02
9.388315399352137325e-01 -2.908374331324685147e-01 1.844150945877050807e-01 1.728929827030582234e-01 8.611849335492937074e-01 4.779838143282036933e-01 -2.978310866160807091e-01 -4.168622047111198992e-01 8.587913286290619341e-01
-9.019904930743750660e-01 3.710158469062829756e-01 2.208175530791415819e-01 -4.253709033599786249e-01 -6.760033169690826682e-01 -6.017300973206460846e-01 -7.397800333992335386e-02 -6.366841892109555978e-01 7.675679111522489828e-01
5.918250109687622079e-02 -9.978037643168435888e-01 -2.975028536091058745e-02 7.021686270511610095e-01 6.279398835619552643e-02 -7.092363035063912191e-01 7.095467925013867472e-01 2.108466128396080039e-02 7.043428045416061378e-01
-6.885293207467360621e-02 -9.974220474443050710e-01 -2.021219970045922548e-02 6.337369228057089243e-01 -2.808222645702476011e-02 -7.730387449733472360e-01 7.704782841959088024e-01 -6.603520144004458581e-02 6.340367227166746611e-01
9.909100025522619148e-01 1.337410823884448707e-01 1.451515495761506423e-02 -1.079951909212539113e-01 7.265020349006471312e-01 6.786249568230608986e-01 8.021474664772240692e-02 -6.740238246284669943e-01 7.343415269841788717e-01
-1.650163911487683710e-01 6.487177917411580674e-01 7.429231570833636500e-01 -2.109131085978366571e-01 -7.590352340545327703e-01 6.159392616852558122e-01 9.634756101084416269e-01 -5.505215837963339104e-02 2.620763411372916130e-01
8.264694313282739957e-01 5.526873069616320411e-01 1.071681846604584654e-01 -5.244819784892095216e-01 8.250575239613303635e-01 -2.102349552164042845e-01 -2.046141083111421011e-01 1.175449823612127742e-01 9.717593548825441685e-01
5.830113621559397385e-01 7.088526789041940113e-01 3.970209455525279818e-01 -7.944625033695089655e-01 5.996869899394671188e-01 9.594188260188889206e-02 -1.700796352798560063e-01 -3.713534619573233830e-01 9.127812026742128104e-01
8.421217716974547240e-01 4.819654319431279088e-01 -2.419509124698937252e-01 -5.001948118993061465e-01 8.657582545988926626e-01 -1.636443530638797411e-02 2.015839075475960029e-01 1.348034384047877565e-01 9.701504837972760864e-01
-8.031637023561022382e-01 -1.159052664671301747e-01 -5.843749108430495998e-01 3.679618078271306714e-01 6.749273156143953400e-01 -6.395914528964068424e-01 4.685426076657580596e-01 -7.287242879462234590e-01 -4.994284102441924333e-01
6.204187081248455637e-01 -6.603319015700662709e-01 -4.231340288579473197e-01 5.788095326538975627e-01 7.495822687752117242e-01 -3.211011479997903928e-01 5.292070970023687870e-01 -4.569685007379453712e-02 8.472612621710369218e-01
8.401780864059614773e-01 -4.822580790935453998e-01 2.480482377930160742e-01 4.060058549952608176e-01 8.625842421238738567e-01 3.018404726824245876e-01 -3.595275077553649612e-01 -1.528907138729690973e-01 9.205239816423197441e-01
7.564685105624885386e-01 -4.714463218536916189e-01 4.533141936207117362e-01 -5.261190142741212911e-02 6.469985111010441159e-01 7.606739869755140271e-01 -6.519105616229597944e-01 -5.992756396214166115e-01 4.646303126150718721e-01
7.598805212989666602e-01 -4.511914403620977954e-01 4.679827747838446461e-01 -3.337170891978354786e-02 6.918793989468534633e-01 7.212414480302100639e-01 -6.492056087205225756e-01 -5.636747124511765072e-01 5.106886489328887890e-01
8.293369412659398199e-01 -1.309693603795941408e-01 5.431825333103186271e-01 -1.347869850305301043e-01 8.965377298143827334e-01 4.219627562779125762e-01 -5.422478275825871608e-01 -4.231632376058124256e-01 7.258788933568270929e-01
6.278656675013276622e-01 7.734267906829815908e-01 -8.715333055561161335e-02 -7.708590677501500066e-01 6.334038075734326201e-01 6.764550405494575147e-02 1.075220965219794850e-01 2.471064558649728460e-02 9.938955592788494275e-01
4.367072050220834889e-01 -1.599531846306955774e-01 8.852693351790169585e-01 3.944769837219327391e-01 9.184591707209723843e-01 -2.864718192405416378e-02 -8.085015314737791225e-01 3.617288078727521894e-01 4.641955871822906476e-01
-1.917424338569306830e-01 9.302509847932830533e-01 3.128385275981015456e-01 5.905335216980222013e-01 -1.452425107777907953e-01 7.938354822089368490e-01 7.839036923050894945e-01 3.369535848660625277e-01 -5.214952375970053344e-01
7.545983840776541995e-02 8.763608441218766476e-01 -4.757073508760042979e-01 -6.854110112372338581e-02 4.804977741111405298e-01 8.743134486732929700e-01 9.947903951306634740e-01 -3.337004591293205036e-02 9.632502162754673358e-02
-5.876717009551908344e-01 -1.770032888015343753e-01 7.895009864780875297e-01 8.082409114527970839e-01 -1.733665065201786815e-01 5.627527729571316639e-01 3.726393632434543690e-02 9.688208762048996503e-01 2.449438892464675388e-01
-1.301428771816019042e-02 -3.751772174798718718e-01 9.268617393113440794e-01 9.786527630076552464e-01 1.853599592395359374e-01 8.877192668969043077e-02 -2.051082586652013540e-01 9.082311054983628340e-01 3.647558926632309406e-01
8.382613783125003604e-01 -5.061265050624219608e-02 5.429145616377958339e-01 -2.506577926993390840e-02 9.910533348632077910e-01 1.310915487974162741e-01 -5.446921776005397842e-01 -1.234975589444885224e-01 8.294930889377768457e-01
5.514823675530126090e-01 7.862716120046787660e-01 2.786469996854237796e-01 4.656301722735929904e-01 -5.673015190057363322e-01 6.792330448397283504e-01 6.921385272809110756e-01 -2.448385972214110473e-01 -6.789685709692778737e-01
8.335267534518088217e-01 2.868061628674777319e-01 -4.722026855295525793e-01 -3.302490203408205427e-01 9.438442013941749087e-01 -9.680292274526393001e-03 4.429093991371327310e-01 1.640132568904898724e-01 8.814368472670962573e-01
8.832111934401228881e-01 -9.348649933020434675e-04 -4.689745342867973066e-01 -1.622903502141224141e-01 9.376038498551602096e-01 -3.075075006632517760e-01 4.399998068288799025e-01 3.477041080634891146e-01 8.279504956374639235e-01
3.875631578339342465e-01 9.218031446617837021e-01 8.588433002369205010e-03 -9.189280441605887084e-01 3.855804816414054037e-01 8.305986896436295952e-02 7.325331627294701109e-02 -4.008309704637279952e-02 9.965075498892054240e-01
-3.120689314092439104e-01 9.460391610057320433e-01 8.730915125382361641e-02 -9.193285824175092547e-01 -2.775124436011005002e-01 -2.789655914208042375e-01 -2.396829981440187773e-01 -1.673222922688916703e-01 9.563238525262132139e-01
1.651021018931458084e-01 -9.811311736305573517e-01 -1.006127033768128565e-01 8.167642330628447356e-01 7.883064115893291535e-02 5.715609482843758693e-01 -5.528449000757161835e-01 -1.765427714317321650e-01 8.143679551133351513e-01
1.949844029307816196e-01 -9.754453491308939794e-01 -1.024082685755174221e-01 8.169869975500990700e-01 1.037568692355737843e-01 5.672448835560414127e-01 -5.426908221518045305e-01 -1.942701288035315332e-01 8.171571382585226528e-01
6.733645625459389050e-01 -7.272227463354082877e-01 -1.331436935033088464e-01 7.390564447687002492e-01 6.668490491162343270e-01 9.543540820169131578e-02 1.938394575843003717e-02 -1.626635266590537865e-01 9.864911757039054319e-01
7.267485735092990007e-01 -6.803937557405043135e-01 -9.434430587762100695e-02 6.839453806345838771e-01 7.294940583712500315e-01 7.558776994830397437e-03 6.368066591056663339e-02 -7.001968259264308714e-02 9.955109325561484201e-01
9.050023650806473530e-01 -1.980549053513182001e-01 3.764903367481232666e-01 3.458119379078251066e-01 8.579425711414693234e-01 -3.799324258649156572e-01 -2.477596068750300418e-01 4.740345969330144182e-01 8.449298066180913613e-01
-8.014607074026801614e-01 6.516258084749761148e-02 -5.944868144432550183e-01 5.252140306738423137e-01 5.521103848112712820e-01 -6.475525808510735892e-01 2.860261464847785318e-01 -8.312207655255272609e-01 -4.767190813112317516e-01
6.019103916616627137e-01 -2.882725689158984958e-02 -7.980431502555549450e-01 5.116360860955437850e-01 7.812159058595176120e-01 3.576733479544247363e-01 6.131332610571191832e-01 -6.235949788862961141e-01 4.849710367571067327e-01
8.658871352577447444e-01 3.124900072194385370e-01 -3.906270144052145232e-01 -1.833723661691330775e-01 9.248021163984267989e-01 3.333400978438151308e-01 4.654181392260832717e-01 -2.170047024674492397e-01 8.580762872765709259e-01
5.926872103507411227e-01 6.719588576475499231e-01 -4.440643695633058052e-01 -7.613220090552211827e-01 2.874352155647277307e-01 -5.811796584373716268e-01 -2.628890815815258519e-01 6.825337284576185048e-01 6.819362435763064445e-01
8.371324480016117953e-01 5.167683410485192086e-01 1.793313865244736960e-01 -5.306265106174155033e-01 8.468058235539783762e-01 3.681580401205896552e-02 -1.328336204912546614e-01 -1.259776920134269285e-01 9.830996136618890269e-01
-3.905750372499035561e-01 -8.956140036639778090e-01 -2.129006733625251890e-01 -5.512277699303169687e-01 4.230572515413089790e-02 8.332815678249656521e-01 -7.372917237667095947e-01 4.428157427871818319e-01 -5.102108701360159593e-01
8.373642128326379552e-01 -5.072529904788365407e-01 -2.037537207450572652e-01 5.342170937276550235e-01 8.383847344926368406e-01 1.082734212024797221e-01 1.159019923743991737e-01 -1.995130086485314425e-01 9.730165916075921295e-01
8.337324078188987908e-01 -4.652199196983668461e-01 -2.974234329509804486e-01 3.014630902242244614e-01 8.347919567846479039e-01 -4.606977253255326588e-01 4.626124483679210364e-01 2.944364366098461416e-01 8.362397427840497777e-01
8.604196439812639152e-01 -1.703510618361600004e-01 -4.802692494658051814e-01 3.752155636121730642e-01 8.494997883086983226e-01 3.708953902203102615e-01 3.448062021982121750e-01 -4.993301767315586615e-01 7.948446750975162178e-01
8.636325933382115183e-01 -2.604625880970527496e-01 -4.316225016443201445e-01 4.035576383075791806e-01 8.703204226809463373e-01 2.822828270158647124e-01 3.021257623697873873e-01 -4.179732073545437410e-01 8.567487505950799331e-01
-5.721843419038621370e-01 8.076584698576338983e-01 -1.424530622600654606e-01 4.752883163745805772e-01 4.681124363059026572e-01 7.449642698100158444e-01 6.683607522871622963e-01 3.585506143391451461e-01 -6.517172406490107095e-01
1.575872801307075521e-01 8.364713225242412786e-01 -5.248637687396157103e-01 -2.493277464584358893e-01 5.479875660813268157e-01 7.984643400091339105e-01 9.555113416317799757e-01 5.035277034130217211e-03 2.949113799062791919e-01
4.945489651562968159e-01 1.297150255402053365e-01 8.594156929053252680e-01 8.688431548575994423e-01 -4.751983578307101413e-02 -4.928016208011533061e-01 -2.308448223222085011e-02 9.904119735525485080e-01 -1.362028976337010810e-01
4.530843135431351087e-01 1.610697370572170273e-01 8.767959538144920462e-01 8.864273365590832343e-01 -1.858408483594972405e-01 -4.239218749743779990e-01 9.466351896013422418e-02 9.692882537642459884e-01 -2.269781912271375268e-01
9.091824942425588141e-01 -3.262476538942434279e-01 -2.587463245949239155e-01 4.155148312966008839e-01 7.512807793668657697e-01 5.127617531821890839e-01 2.710382141759819924e-02 -5.737069451230452088e-01 8.186120717300388039e-01
3.892773399391331046e-01 -8.472824888099322882e-02 9.172155016415027839e-01 4.372894436333825130e-01 8.933957426748877495e-01 -1.030630363282245832e-01 -8.107040736894813859e-01 4.412087610326280163e-01 3.848294870346267160e-01
2.302805824687282621e-01 -2.132671457823437193e-03 9.731219374006097045e-01 4.170932424282802198e-01 9.037025537432289424e-01 -9.672084304135591948e-02 -8.792065061511585844e-01 4.281555162209400578e-01 2.089946733078458518e-01
9.316277213319611450e-01 8.345465291116675732e-02 3.537020069964186275e-01 1.094672740397287791e-01 8.636289385472808444e-01 -4.920995553930203603e-01 -3.465352864574237635e-01 4.971723819875498718e-01 7.954451067350262194e-01
-9.216926621295716826e-01 -1.350095449659802216e-02 3.876859048304233113e-01 3.878783143124823196e-01 -1.726368875974185549e-02 9.215489017607879640e-01 -5.748900991531143145e-03 9.997598157948178743e-01 2.114854272289299827e-02
4.279045754276890601e-01 -7.852361012872075552e-01 4.475510468799241415e-01 5.847459162881467609e-01 6.180966330491745042e-01 5.253843979388902463e-01 -6.891805915087749757e-01 3.688925925714767184e-02 7.236499808879109930e-01
-4.883878098776070487e-01 6.554187204181281812e-02 -8.701618298754600911e-01 -3.769063791904721517e-01 8.835197095435710635e-01 2.780908200095278948e-01 7.870317201285362829e-01 4.637857111396365140e-01 -4.067971062510390978e-01
4.011412228583456918e-01 -1.218012564396290937e-01 9.078822463587659097e-01 -4.602314821570749892e-01 8.301428905113699130e-01 3.147217249649761350e-01 -7.920054937658028704e-01 -5.440838494783279966e-01 2.769477614670882715e-01
-6.710312793000123843e-01 -1.315033548095434768e-01 7.296738243042738548e-01 -5.099503870845600861e-01 7.962562580012865210e-01 -3.254636297746598128e-01 -5.382077897181499759e-01 -5.904937250027514350e-01 -6.013730421452886388e-01
-6.334701800750894840e-01 -7.513918712312733783e-01 -1.847316616154344171e-01 -4.248970932915077658e-01 5.373239641934934863e-01 -7.285227639654214826e-01 6.466668315818135948e-01 -3.830055004186688761e-01 -6.596429303653482679e-01
2.136099529780823014e-02 -5.044664950305297602e-01 -8.631669961667325364e-01 2.379517578721516424e-01 8.411193941177925737e-01 -4.856924188871704628e-01 9.710420530571476361e-01 -1.950172305990687804e-01 1.380058367027630628e-01
7.965186390552454476e-01 2.074281807791227561e-01 -5.679186627116979968e-01 -2.361076211099038813e-01 9.714387122427916577e-01 2.366473346329588806e-02 5.566069069742145548e-01 1.152405231449872974e-01 8.227444153161221907e-01
-4.515277216525446780e-01 1.725502464612558573e-01 -8.754136902204711079e-01 7.964742703400508050e-01 5.201850048627834067e-01 -3.082795766867967302e-01 4.021833577680041794e-01 -8.364412550574407135e-01 -3.723097817307346458e-01
8.651191751359517124e-01 -4.767688441298458257e-01 1.557571252918515670e-01 4.997571556857312025e-01 8.457337732665369812e-01 -1.870218439040053360e-01 -4.256287294108138108e-02 2.396369212442795715e-01 9.699291457748676626e-01
8.223910182104997579e-01 -4.232030307717297712e-01 3.802265218423354076e-01 4.907669738375826651e-01 8.657799770371936710e-01 -9.784073155786425502e-02 -2.877860152213779221e-01 2.670659583456846398e-01 9.197037475926158612e-01
8.223910182105168554e-01 -4.232030307717056239e-01 3.802265218423254711e-01 4.907669738375480817e-01 8.657799770372155423e-01 -9.784073155784539511e-02 -2.877860152213879696e-01 2.670659583456527209e-01 9.197037475926220784e-01
2.226349165962073218e-01 -9.575750207932026692e-01 1.829857192927853982e-01 4.680412719383642006e-01 2.696362375545685031e-01 8.415661989170755142e-01 -8.552023513031978830e-01 -1.017171517017384647e-01 5.082150719677326345e-01
-5.529683614066661645e-01 1.470502918635273326e-01 -8.201232852114844762e-01 -4.982107450473969856e-01 -8.473088336337011306e-01 1.839940052436884743e-01 -6.678413320561586985e-01 5.103370965441843543e-01 5.417970128085868309e-01
6.388547203204145708e-01 3.823937724547427086e-01 -6.675624683219956168e-01 -7.283231797599650781e-01 5.801224195745320333e-01 -3.646962080023925523e-01 2.478103955621285270e-01 7.191891135819709069e-01 6.491201943835366306e-01
5.253769006693593813e-01 3.924253495242521206e-01 -7.549711632200444278e-01 -8.508692127628540991e-01 2.431757169167975130e-01 -4.657114487258423585e-01 8.336758238582957963e-04 8.870557568455154085e-01 4.616615526896847843e-01
4.413195780686148817e-01 1.674879482182435875e-01 -8.815808625503295248e-01 -8.907624035068149038e-01 -3.705630729661009426e-02 -4.529560360435677668e-01 -1.085328084594815584e-01 9.851774547213221211e-01 1.328382934123867321e-01
8.807753962591051700e-01 2.869692279418476974e-02 4.726639270843094875e-01 1.206964571730245184e-01 9.515894930522924566e-01 -2.826832183529147113e-01 -4.578941652505489901e-01 3.060292850931525255e-01 8.346729959061077730e-01
2.278460421851100370e-01 8.754195349404436666e-01 -4.262942867377401135e-01 -9.275446159491140818e-01 6.194725502686534296e-02 -3.685424304180552890e-01 -2.962214821453563185e-01 4.793779046214938777e-01 8.261051132127887886e-01
7.368033239173084059e-01 5.714156592941705970e-01 -3.613931462795252347e-01 -6.745076465646779873e-01 5.844945800641495604e-01 -4.510050117253832647e-01 -4.647899084732210612e-02 5.760644323242340992e-01 8.160817809636314868e-01
8.106853732896778242e-01 4.396714014227423584e-01 -3.866242158804046314e-01 -5.722706309152225668e-01 7.345423465465392709e-01 -3.646283945632827206e-01 1.236751815283450434e-01 5.168525901075330387e-01 8.470937666947299105e-01
6.920261244920213883e-01 5.689995277144450636e-01 -4.442289730322557806e-01 -5.060520839551987393e-01 -5.646002487854769047e-02 -8.606529811226557580e-01 -5.147923186539932194e-01 8.203973446150666371e-01 2.488715845639941360e-01
7.861244749447408031e-01 -4.229776087880287028e-01 -4.506642346102227026e-01 -1.949448144912983572e-01 -8.616172339281721326e-01 4.686280630744588116e-01 -5.865192487854171688e-01 -2.805453344148270967e-01 -7.597956871042788052e-01
8.443400885111783660e-01 -3.528391490070862391e-01 -4.032298970325626786e-01 4.971663817926937901e-01 2.353036570302781683e-01 8.351393762740078053e-01 -1.997883974311251698e-01 -9.056140038206853538e-01 3.740960736706150924e-01
8.376484137986405232e-01 -4.755537750850215573e-01 -2.686889314114117022e-01 5.159607509216465049e-01 5.274748305457119812e-01 6.749480029225533029e-01 -1.792474222101736459e-01 -7.040020668600037723e-01 6.872055380218138332e-01
8.842238069629496655e-01 -4.246475054166367058e-01 1.944807325762017147e-01 3.098983968822822122e-01 8.449385624072358603e-01 4.359378503490893286e-01 -3.494441912662739069e-01 -3.251973583850596428e-01 8.787123734702039224e-01
8.453514644736948025e-01 -5.322676620494766198e-01 4.551963805395962959e-02 4.500604845144223765e-01 7.555044477069013942e-01 4.760867460597212331e-01 -2.877958682657255629e-01 -3.819740376406152715e-01 8.782194331587653835e-01
6.604475355933637770e-01 -7.465028670665669885e-01 -8.088585902398413852e-02 7.009611463781779683e-01 5.743407264823382485e-01 4.228311733682017515e-01 -2.691886401705002596e-01 -3.359556508903148164e-01 9.025914228697398123e-01
-9.055919829376430918e-01 4.046309539629877050e-01 1.271886454604731209e-01 -2.321990837388603901e-01 -7.238891912752063451e-01 6.496676259948325205e-01 3.549461169669294591e-01 5.588007067371427716e-01 7.495031849166283733e-01
9.356971289339934827e-01 1.342352775333217896e-01 3.262694793728546094e-01 2.916102218553351041e-02 8.921980020895873276e-01 -4.507020743822282571e-01 -3.515970956788129209e-01 4.312349885305005737e-01 8.309126710896416190e-01
4.003136214597631248e-01 8.111066500154493486e-01 4.264446116138472798e-01 -8.823639228826969383e-01 4.667856630855438116e-01 -5.954034206189385420e-02 -2.473517981920234088e-01 -3.524445304420325553e-01 9.025519048191453786e-01
5.695761291983584274e-01 7.793030278091974683e-01 2.612849477004613452e-01 -7.908371048865047159e-01 6.062157723379505425e-01 -8.413745244202459894e-02 -2.239636278107380862e-01 -1.587111471073154589e-01 9.615877834091558496e-01
-9.262709595655914674e-01 -2.757694933405935855e-01 -2.568526737414091876e-01 1.525672708712620396e-01 3.488093455959561107e-01 -9.246919856275475080e-01 3.445944534149289473e-01 -8.957026442785539500e-01 -2.810185682620868208e-01
-5.963562350864177741e-01 -6.032793400796272465e-01 -5.295406298922142874e-01 4.218958308205472685e-01 3.256603431777380098e-01 -8.461378426814385456e-01 6.829078626065114843e-01 -7.280105622272579069e-01 6.031146222533925044e-02
-5.502245236414137208e-01 -6.088754490143923892e-01 -5.714224892066303019e-01 4.583278654469298274e-01 3.518068775102546897e-01 -8.161908408523987912e-01 6.979889263723604298e-01 -7.109870663549422432e-01 8.549181327795440932e-02
9.293626398910738162e-01 1.737527169142727423e-01 -3.257223924442452234e-01 -2.941040953007440506e-01 8.817603974772476594e-01 -3.687836527940155928e-01 2.231319446023476982e-01 4.385300386583281806e-01 8.705765563649758843e-01
7.840160968608125280e-01 5.796639521978187437e-01 2.220550886278949976e-01 -2.559383713894555767e-01 6.277714868141367477e-01 -7.351180248053243993e-01 -5.655212727330868328e-01 5.195119467977357131e-01 6.405411986912133981e-01
1.118541837542042922e-01 9.850258693693828560e-01 -1.311970969563453215e-01 9.379868417197375630e-01 -6.106094649857506107e-02 3.412510008385774007e-01 3.281300448561718652e-01 -1.612315027709847193e-01 -9.307712265518829353e-01
3.795004013006707533e-01 5.638359936326349242e-01 -7.335314701476204347e-01 7.387145797088083832e-01 2.926827312955577742e-01 6.071553248774245182e-01 5.570280200656595460e-01 -7.722860811161054162e-01 -3.054406550805896514e-01
9.105477716448582282e-01 1.830658026348860323e-01 -3.706611221294031644e-01 1.982599217831343685e-01 5.933990441145795547e-01 7.801093371178483560e-01 3.627612975044729460e-01 -7.838140636334284261e-01 5.040235656031600842e-01
6.293797336455504432e-01 1.896303761950171585e-01 -7.536056470730514434e-01 7.574849437855730727e-01 6.679337497083324970e-02 6.494268280554577055e-01 1.734869182803808751e-01 -9.795810152734394372e-01 -1.016037583036891734e-01
8.870973640080199729e-01 -1.797048957331331617e-02 -4.612324015878741523e-01 -1.729450941922386631e-01 9.135115758856330315e-01 -3.682208510089904907e-01 4.279582469877876161e-01 4.064156274399925994e-01 8.072658029470201058e-01
7.602271847762168688e-01 4.471031077390840158e-01 -4.713315590720411064e-01 -1.308879669176302996e-01 8.160409322306707569e-01 5.629791621723376771e-01 6.363355778544818042e-01 -3.663004340348930410e-01 6.788969173464053375e-01
-4.040954469541928329e-02 -1.792053756991075220e-01 9.829814352357073570e-01 4.427716619967915213e-01 -8.851311635473777528e-01 -1.431645160291627195e-01 8.957233523974400535e-01 4.294511108820268652e-01 1.151148093517296439e-01
6.735570049670637216e-01 6.293178707746540645e-01 3.876596169108344481e-01 -6.820006509422165131e-01 7.313480098072381308e-01 -2.280496740902907080e-03 -2.849492466636685539e-01 -2.628480665225593760e-01 9.217997725922697505e-01
1.077685065419572846e-01 -4.596628207086082551e-01 8.815305101106382102e-01 -7.318257550977791404e-01 -6.368456242495449393e-01 -2.426081512434672682e-01 6.729167951339020126e-01 -6.189812130690345304e-01 -4.050249926786061438e-01
7.961244849199877738e-01 -4.613586201707725598e-01 -3.915788912914037745e-01 5.150441618305054980e-01 8.563103304106969293e-01 3.823780061974279415e-02 3.176717108513067989e-01 -2.321224711785655481e-01 9.193496845590146682e-01
7.032692828515917371e-01 7.109203284295619873e-01 2.145325852125285274e-03 -4.042256940665041043e-01 3.973893208937990806e-01 8.238223812788886269e-01 5.848195482829394720e-01 -5.802361711106686082e-01 5.668439659032896705e-01
2.811597225649445919e-01 -7.897870741948750384e-01 5.451473083872857561e-01 8.006249469395562146e-01 5.062411041597674188e-01 3.204990464839677644e-01 -5.291019795325248021e-01 3.463471118600508492e-01 7.746578427673505018e-01
-8.893461327735395772e-01 4.495438430562278542e-01 -8.350921680262200775e-02 1.254478301769328674e-01 4.155299386051970467e-01 9.008871805207692152e-01 4.396888650223579331e-01 7.907244800137397389e-01 -4.259442436309614499e-01
4.228544190135120062e-01 7.994158587273928473e-01 -4.267650701918919154e-01 -7.028667921945629393e-01 5.865847359406372030e-01 4.023637906069310599e-01 5.719898711960470505e-01 1.298176889972943449e-01 8.099228079715568018e-01
1.817656596774828992e-01 9.089230822304583679e-01 -3.752600105935790520e-01 -6.332379095972902050e-01 4.001503632720256332e-01 6.624873105366776427e-01 7.523104377920486474e-01 1.172114216360741756e-01 6.482981473266655748e-01
3.604419178547023650e-01 -8.916283026163439596e-01 2.740083827672459837e-01 8.334722654086257343e-01 1.759637271090390143e-01 -5.237945680670137438e-01 4.188145253544077184e-01 4.171759062019201325e-01 8.065721645561352293e-01
2.417966932890885656e-01 -9.236284841564073034e-01 2.973966751149038079e-01 8.613831951589105973e-01 6.321780589213606139e-02 -5.040064484865350858e-01 4.467139467402920783e-01 3.780395908805339045e-01 8.108839112441372787e-01
8.377690824760849475e-01 -3.092825227609918848e-01 4.499858726246584451e-01 3.945459053754884482e-01 9.125879233578205740e-01 -1.073164045842789349e-01 -3.774605846954288135e-01 2.674464493240788499e-01 8.865641001897875961e-01
4.155208001450648170e-01 -2.846706997813261419e-01 8.638894937043831712e-01 -7.937236627965651437e-01 -5.773392567075885662e-01 1.915257940360352851e-01 4.442355363583712080e-01 -7.652724843807855448e-01 -4.658463404235895777e-01
6.798194256902332366e-01 5.916858056354101780e-01 4.333052686776115436e-01 -7.197405346188976427e-01 4.248565460349366663e-01 5.490632733280992328e-01 1.407803653948415668e-01 -6.851312448727173710e-01 7.146859912006501281e-01
7.817609112368366642e-01 -3.395130885893381245e-02 -6.226533435941030703e-01 1.069880122996572647e-01 9.910131569206165336e-01 8.029002450119106238e-02 6.143317042822381557e-01 -1.293840463001477425e-01 7.783677316517444433e-01
5.941067326692561767e-01 8.030457693036366917e-01 -4.641855879485492359e-02 -7.926449613229112900e-01 5.942829743445026125e-01 1.361679539893715929e-01 1.369348585512887573e-01 -4.410486149827007318e-02 9.895976989189885220e-01
6.564871906427282022e-01 7.526984246476071672e-01 -4.969557379715712486e-02 -7.350655611143431800e-01 6.531219408483892597e-01 1.819624995599068706e-01 1.694201563736563443e-01 -8.292654530030543758e-02 9.820488779581607597e-01
9.713958925501035013e-01 2.919072383816010210e-02 2.356648501125953310e-01 -1.530806333563474175e-01 8.356626334439853920e-01 5.274791775574491082e-01 -1.815388102528143477e-01 -5.484668310000775371e-01 8.162277841783660559e-01
-8.350525345842677583e-01 -5.465031544841596478e-01 -6.341582312998182702e-02 -2.774613217032311230e-01 3.187918748779002276e-01 9.063040083054526574e-01 -4.750815503080355606e-01 7.744068973418924973e-01 -4.178414506798209804e-01
-2.980195512809881153e-01 -7.146897096865197918e-01 6.327740243740076487e-01 4.734934483640524938e-01 4.649148480454066701e-01 7.481030266101289516e-01 -8.288475742925214274e-01 5.225636831383476677e-01 1.998471807514131393e-01
-2.223845228766325177e-01 7.083936294980680559e-01 -6.698683375645444471e-01 -9.615594819088377765e-01 -4.584112040003111843e-02 2.707433368186145106e-01 1.610853399168910294e-01 7.043273793961328799e-01 6.913569670559744917e-01
5.947876955326145687e-01 5.032521989080231961e-01 -6.268690625140480588e-01 -7.540085358696011486e-01 6.196463784760740667e-01 -2.179667256194534330e-01 2.787449104087498797e-01 6.023085504421513692e-01 7.480144951707105028e-01
5.419804754869603780e-01 -6.616358590977934329e-01 -5.181651803690142666e-01 7.896890238830190922e-01 6.118776113822882445e-01 4.468818913080114391e-02 2.874863644585826106e-01 -4.334094814895380621e-01 8.541122944937374895e-01
4.991932999517935121e-01 7.026877882871892522e-01 -5.069871018825796716e-01 -1.758955624695083819e-01 -4.907431193757585963e-01 -8.533650695270373898e-01 -8.484496451686299734e-01 5.151709065712156699e-01 -1.213760134285916115e-01
