1.271713653014160672e-01 -8.755233195334682916e-01 -4.661398511181705229e-01 -9.918800513883568870e-01 -1.116907124832737935e-01 -6.082062481436441986e-02 1.186383245336331818e-03 4.700894613773798358e-01 -8.826179755685469308e-01
-2.443183221484705181e-01 -9.239942555596365459e-01 -2.941822108070940578e-01 -6.530469229918766105e-01 -6.748071300045824228e-02 7.543050243394852084e-01 -7.168251347667699003e-01 3.764053255013048438e-01 -5.869248308777359480e-01
-4.954998721856373467e-01 -3.556491368251911700e-01 -7.924604520980927935e-01 -7.392228814020862515e-01 -3.064021198344207830e-01 5.997226630473215803e-01 -4.561024098550841566e-01 8.829674016839295092e-01 -1.110817684767185926e-01
-7.868057981269001022e-01 -5.148009618122848519e-01 -3.404652783339855993e-01 -7.899561741626640043e-02 -4.630955747536439349e-01 8.827809360609319977e-01 -6.121244387074533666e-01 7.214724238394277789e-01 3.236992634782271949e-01
-9.214387820804648133e-01 1.455775408135158711e-01 -3.602190312695303653e-01 -3.507296308767119397e-01 -7.105501410696072329e-01 6.100059205049133126e-01 -1.671505216957316908e-01 6.884226003238491653e-01 7.057868137477454340e-01
-9.644563007481105066e-01 -2.147461329832844878e-01 1.539744859254149056e-01 2.621973764189788336e-01 -8.500890159960523551e-01 4.567288043049924640e-01 3.281127468225744637e-02 4.808666792902053788e-01 8.761795803384923031e-01
-8.916478877359114152e-01 2.740758885001646772e-01 3.603421313681389182e-01 -2.069542149309667178e-01 -9.546561377013284000e-01 2.140131109803553033e-01 4.026586609255969895e-01 1.162500154495801769e-01 9.079382890315718102e-01
-7.123297506835324366e-01 -2.307740640522154829e-01 6.628194759147930659e-01 1.850046560885054703e-01 -9.727354249331333635e-01 -1.398537461269113158e-01 6.770226019245668692e-01 2.300270507963895344e-02 7.356026590777856589e-01
-5.338005872417217468e-01 1.483618807927717873e-02 8.454802307468044509e-01 -3.312096170630132175e-01 -9.236276954388449312e-01 -1.929043021378750999e-01 7.780469925559542199e-01 -3.830036132226494749e-01 4.979468943903858635e-01
-3.004953008925377866e-01 -4.611087768142588250e-01 8.349139297474689192e-01 -1.543678033831063223e-01 -8.403170688491268248e-01 -5.196516189520504758e-01 9.412083485712281483e-01 -2.850366989453644861e-01 1.813309814514660057e-01
-1.269177811149492519e-01 -3.642810695997664161e-01 9.226002271667332888e-01 -6.251739013371617748e-01 -6.927464294057409377e-01 -3.595274365503551839e-01 7.700970522757054626e-01 -6.224160078892950754e-01 -1.398171777694795781e-01
5.931923084353942638e-02 -7.442951214925151993e-01 6.652112453759129185e-01 -5.608666953982404113e-01 -5.761070246930277694e-01 -5.945832541304915120e-01 8.257782867363301360e-01 -3.378246116282666578e-01 -4.516245707808890786e-01
1.447643776755930811e-01 -7.268839891178529022e-01 6.713292346682928624e-01 -8.634423299759589332e-01 -4.241522068547258217e-01 -2.730608873968464745e-01 4.832293635137310250e-01 -5.401245891314182535e-01 -6.890245354511921327e-01
2.305458156345873977e-01 -9.353381874173566368e-01 2.683115764408925408e-01 -8.509253508596956728e-01 -3.275418109942925260e-01 -4.106609420372036023e-01 4.719901208263658221e-01 -1.336369604914492693e-01 -8.714163692706945463e-01
2.073924240050119550e-01 -9.454193060175744012e-01 2.513378568273666458e-01 -9.764293142171313056e-01 -2.157573935128874187e-01 -5.877200182728433038e-03 5.978441939826939500e-02 -2.441947643864903483e-01 -9.678815734600170195e-01
1.823682992714057149e-01 -9.718809978686169249e-01 -1.489601604549239122e-01 -9.820646176419409734e-01 -1.726745395659416982e-01 -7.571387033746740380e-02 4.786324473585013006e-02 1.600963127857466528e-01 -9.859403026734248066e-01
7.760068956264666584e-02 -9.878872913917118304e-01 -1.343757139000554268e-01 -9.380529273880499064e-01 -1.179998009863109792e-01 3.257802209863286946e-01 -3.376904475967774100e-01 1.007707619993958581e-01 -9.358474315442391056e-01
-1.600169599121521041e-02 -8.774150038472308122e-01 -4.794651778275134668e-01 -9.510360484666031677e-01 -1.346761669896265889e-01 2.781955509385661274e-01 -3.086654827518535149e-01 4.604402687306428654e-01 -8.322982510427489045e-01
-1.571786898591965853e-01 -8.992234087123766040e-01 -4.082794639433146022e-01 -7.776335188122878161e-01 -1.421435221818279360e-01 6.124388373718334666e-01 -6.087536200087564353e-01 4.137541302820288425e-01 -6.769243309268743181e-01
-3.376703778747770501e-01 5.263489062071373681e-01 -7.803432224607678158e-01 -9.408345853991545438e-01 -2.137884864996363599e-01 2.629158914120556800e-01 -2.844290461092648797e-02 8.229528005753096176e-01 5.673972939682992989e-01
-7.484038524442014895e-01 1.246599770164203980e-01 6.514227227975266654e-01 5.968524165854377506e-01 -3.017391394351658374e-01 7.434518710374254935e-01 2.892384249417784825e-01 9.452054707116284149e-01 1.514191258527405326e-01
-4.483689353587909654e-01 6.491898690707981201e-01 6.144247811580065832e-01 4.070836861826672703e-01 -4.636592112595475657e-01 7.869580727447340607e-01 7.957689176194027159e-01 6.029698580443423328e-01 -5.638421801204343553e-02
-4.350593842090840768e-01 7.889088904305721073e-01 -4.339885883421555346e-01 -7.114454362830343603e-01 -5.766902460551837084e-03 7.027176773271421872e-01 5.518774532481427464e-01 6.144831205457274015e-01 5.637745747732242352e-01
-9.154431643582072731e-01 -1.988100411725652050e-01 -3.499119608684378435e-01 2.403569724675518882e-01 -9.674526151804145879e-01 -7.914520305621258744e-02 -3.227883805468603207e-01 -1.565567146740743654e-01 9.334332629997688091e-01
-8.238777662186228534e-01 -5.534309306401560269e-01 -1.222277846538296769e-01 5.270930673816379697e-01 -8.274434491136853920e-01 1.936755969064354599e-01 -2.083226455497060314e-01 9.513960021788306354e-02 9.734218673430102831e-01
-9.045735550599296459e-01 2.351334830301795020e-01 3.556106419166009669e-01 -5.817344581294896233e-02 -8.944220115868377619e-01 4.434243062701940796e-01 4.223298872782846325e-01 3.804228047147690250e-01 8.227490236788255196e-01
-4.672694765584106680e-01 8.563463116760914318e-01 -2.198413763502772567e-01 -8.388346727511849510e-01 -5.079701765729454088e-01 -1.957618234050339801e-01 -2.793127782025766614e-01 9.293704423536496007e-02 9.556919366310218100e-01
-9.611688141947793973e-01 -4.379452768069382051e-02 -2.724638507483644334e-01 2.741095823594371650e-01 -2.656904128381007979e-01 -9.242686521702738744e-01 -3.191312391692296274e-02 -9.630631567405871785e-01 2.673778387427024894e-01
-9.631016540207614218e-01 2.688982018173057265e-01 -1.135610328825140472e-02 2.746415511219466379e-02 5.621800271643030700e-02 -9.980407087662052090e-01 -2.677329344821952617e-01 -9.615265431749636660e-01 -6.152871332603779969e-02
-9.752042904660580547e-01 4.306381016824172014e-02 -2.170762541375402255e-01 2.186945280176414153e-01 3.377829186963794972e-01 -9.154645832865934141e-01 3.390125767185295236e-02 -9.402383783332547429e-01 -3.388251711982417369e-01
-6.209339091505704511e-01 -5.682868238756121348e-01 -5.398992186291444728e-01 7.110817613759833344e-01 -1.185310699759817288e-01 -6.930462568175220772e-01 3.298542240224022204e-01 -8.142484088162029732e-01 4.776983563242195863e-01
-7.452899446577175846e-01 6.651136920760673810e-02 6.634147542512345286e-01 -3.822813612143101669e-01 -8.578453968425536758e-01 -3.434563086975920831e-01 5.462635437773880609e-01 -5.095856286063911167e-01 6.647696050945761659e-01
-8.669994954974770407e-02 -3.998747421554523784e-01 9.124600316365545360e-01 8.395662426940995182e-01 -5.223808684039145112e-01 -1.491534527058784032e-01 5.362943621525250171e-01 7.531390435448707121e-01 3.810117297560978722e-01
5.852756842801878356e-01 5.519662105591616186e-01 5.939576380444295811e-01 4.044286503412314882e-01 -8.336254293839385765e-01 3.761729791832671976e-01 7.027729648851956945e-01 2.004858811497084448e-02 -7.111316431864550536e-01
7.361782119250611656e-01 5.146611015655441213e-01 4.395060759786605376e-01 5.887533425909391438e-01 -8.072801070076160990e-01 -4.084520066994987153e-02 3.337830760760884252e-01 2.888300181163876990e-01 -8.973104695477878145e-01
8.233915211088507213e-01 5.618460453781193298e-01 7.972091481551218939e-02 5.417008215556322615e-01 -8.200573395220983608e-01 1.845702571431598882e-01 1.690757903781836269e-01 -1.087886997298285335e-01 -9.795807245546871433e-01
6.694111921709565705e-01 6.449991332624699369e-01 3.685983910530827856e-01 1.437531300748766394e-01 -5.992540660762359916e-01 7.875465712481858338e-01 7.288509404466283481e-01 -4.742053166949533050e-01 -4.938680230874488153e-01
6.891968744719093598e-01 7.106571996801490654e-01 1.413294476070720007e-01 2.349183036731990193e-01 -4.036723278700710127e-01 8.842296321155863614e-01 6.854349413456088946e-01 -5.762074246785846565e-01 -4.451560905208590269e-01
-4.464008333582125121e-01 6.732029363108739117e-01 5.895117492633296097e-01 8.899319572856436711e-01 2.651408870131764517e-01 3.711083688568739269e-01 9.352757549961801531e-02 6.902884299887139807e-01 -7.174639196815962849e-01
-7.518561010662874189e-01 6.575027248667034696e-01 4.901601862922738001e-02 5.736362242476685802e-01 6.156788028233709520e-01 5.402602095146928907e-01 3.250444362241562968e-01 4.343152985410962952e-01 -8.400692447250284189e-01
5.770965490948285481e-01 8.138840937420628308e-01 -6.747040074359399175e-02 1.200948389192264265e-01 -2.856077113595572019e-03 9.927583152451990856e-01 8.077975010408272594e-01 -5.810202447223179467e-01 -9.939151138307820987e-02
5.571888785016746448e-01 5.178935727224842633e-01 -6.490969118758674883e-01 3.970517748175602102e-01 -8.526935155940221778e-01 -3.395050170146719504e-01 -7.293081939675927217e-01 -6.855666121281359104e-02 -6.807419058755527219e-01
4.169147584621204494e-01 2.164601954415584784e-01 -8.827950316839545675e-01 3.969995039696608274e-01 -9.170576600411394219e-01 -3.737167386823474213e-02 -8.176634258815271838e-01 -3.348883873013104862e-01 -4.682694630513631329e-01
1.942443838359955710e-01 2.880995065881583050e-01 -9.376928034552864943e-01 9.627964266230849832e-02 -9.568835530863525340e-01 -2.740512657180326217e-01 -9.762168559070225626e-01 -3.704780879481948258e-02 -2.136073737175518406e-01
6.355253296669639562e-01 7.086495280650816353e-01 -3.064692508634992985e-01 1.698133864626246436e-01 -5.155153738356216264e-01 -8.398852975955792832e-01 -7.531739301979274437e-01 4.817257993010721218e-01 -4.479612540811437893e-01
7.449860528274120375e-01 5.099421014178943112e-01 -4.300637560805781190e-01 -2.471927140076257412e-01 -3.877669875766840968e-01 -8.879935391021986923e-01 -6.195898185365678046e-01 7.678514286938626920e-01 -1.628270254552887930e-01
3.716907157945044671e-01 -2.010186612461652422e-01 9.063318981603643021e-01 -9.134419092054940625e-01 -2.534852689423400807e-01 3.183851393144034869e-01 1.657404304905461256e-01 -9.462223397595458385e-01 -2.778369907711704667e-01
-6.781192654907582940e-01 -7.334582033736867235e-01 4.683295500091800428e-02 -5.654545587042467680e-01 4.799629093594057760e-01 -6.707434290992649872e-01 4.694841890957140995e-01 -4.813259493764061037e-01 -7.402093802742854001e-01
-7.854854199238597845e-01 2.073499861534595090e-01 5.831111715009394958e-01 -1.541630531063895304e-01 8.469477970686599688e-01 -5.088351227042618996e-01 -5.993716777959684494e-01 -4.895767685283940462e-01 -6.332994391070794205e-01
-8.764617571148556330e-01 4.676783161165355418e-01 -1.144193207004046559e-01 4.725187736813209471e-01 8.811374467282068190e-01 -1.796687207049114596e-02 9.241643162252204113e-02 -6.981255336756585217e-02 -9.932700592278318474e-01
-8.792710396882148505e-01 2.483151679122150568e-01 -4.064751113541080763e-01 3.336847563584299237e-01 9.300822735959048959e-01 -1.536276268015888680e-01 3.399072257831858845e-01 -2.707148716406269084e-01 -9.006533940051398845e-01
-7.168681624696084942e-01 3.904711704630323132e-01 -5.776091262044573682e-01 4.737695733903315998e-01 8.806184572642068442e-01 7.316013610684252849e-03 5.115099500175829261e-01 -2.684090120745538655e-01 -8.162806951473077222e-01
-6.794279013063386774e-01 2.434287490592105807e-01 -6.921850699472884560e-01 3.225871125853869148e-01 9.464013064488776550e-01 1.619018053270793525e-02 6.590260098966408409e-01 -2.122899227079008966e-01 -7.215384307134214970e-01
-9.813439736911083733e-01 -1.720864558466679017e-01 8.573363992201910033e-02 -1.004600643919522640e-01 8.391752800744031182e-01 5.345022214868823118e-01 -1.639261442312068551e-01 5.159177269935395493e-01 -8.408074204069024837e-01
-5.347197265629557439e-01 3.206577957163240233e-01 7.818269578818487497e-01 2.976368495667462977e-01 9.373845866665914128e-01 -1.808934561002298047e-01 -7.908774366514826903e-01 1.359732132673639182e-01 -5.966776059727131321e-01
-7.913124553432203390e-02 9.918301661928561330e-01 -1.000558214700103393e-01 9.775424020716194651e-01 9.687145960687212898e-02 1.871544080850967851e-01 1.953179411427311551e-01 -8.299904664203057447e-02 -9.772216023626775216e-01
1.811408102696899225e-01 9.784890865095117185e-01 9.872747559125451267e-02 9.827274347562728884e-01 -1.762254831531787080e-01 -5.649219472444164808e-02 -3.787869892427343788e-02 1.072552407540549868e-01 -9.935096967310356186e-01
-2.663973943947192669e-01 6.614758751850500218e-01 7.010578398448138460e-01 6.968683915894788861e-01 6.346656858225073750e-01 -3.340268133592564359e-01 -6.658880334284416058e-01 3.995611765269725946e-01 -6.300349142303022232e-01
-8.614760180829608149e-01 -1.846939903236951563e-01 -4.730192387273875476e-01 2.820679751829763826e-01 6.005358956281757754e-01 -7.481940225892220742e-01 4.222519717468497524e-01 -7.779747862240626866e-01 -4.652510122025764749e-01
-2.606499870267644514e-01 1.092140799606160229e-01 -9.592360861650818249e-01 7.633645220003759668e-01 6.315931843940160162e-01 -1.355162572467388804e-01 5.910466908917477724e-01 -7.675691070941972338e-01 -2.479949092633395302e-01
-1.343566211521355913e-01 6.059243756359793398e-01 -7.840943497837044029e-01 3.065595882137482353e-01 -7.270360793850144665e-01 -6.143612602912752463e-01 -9.423213449916109097e-01 -3.229151440899224457e-01 -8.806981600177186953e-02
1.473285370313791656e-02 1.755539564039003408e-01 -9.843595640886004805e-01 3.831829567966063554e-01 -9.102988133358289602e-01 -1.566106383997954710e-01 -9.235549602716515150e-01 -3.748824866945891787e-01 -8.068058333520596037e-02
6.827202190539698179e-02 1.973496435992319609e-01 -9.779529892567462301e-01 -1.212060839666519695e-02 -9.800037267224722681e-01 -1.986096333568960759e-01 -9.975931143893504993e-01 2.541286645229403826e-02 -6.451483815087970253e-02
1.204737024933297401e-01 -1.727004570218719504e-01 -9.775789682434792294e-01 -3.149388511738356912e-04 -9.847579858215487203e-01 1.739299001730481020e-01 -9.927164689986104351e-01 -2.064610145095207433e-02 -1.186918306953275021e-01
1.441615120576698328e-01 -1.647377730061943824e-01 -9.757453174810556407e-01 7.452814582751250416e-01 -6.305950145362012593e-01 2.165767198786406056e-01 -6.509784991783902353e-01 -7.584269205316011009e-01 3.186847690748596806e-02
1.757122811571410481e-01 8.295129928657661855e-01 -5.301258236658857870e-01 7.478032222546381336e-01 -4.626932715792871353e-01 -4.761357760354040791e-01 -6.402464642902250258e-01 -3.127668957900366919e-01 -7.016133791923654384e-01
3.494923354267660820e-02 7.864484014358155139e-01 -6.166664114039538402e-01 6.572226267446399373e-01 4.467607870631909450e-01 6.070117116148205927e-01 7.528857615665576208e-01 -4.265017128004633951e-01 -5.012577371059879772e-01
-1.020537677779401048e-01 5.854234109715641399e-01 8.042788436660173179e-01 7.301927758336879126e-01 -5.049861389007654910e-01 4.602254986834070638e-01 6.755764491178035680e-01 6.342463475689208430e-01 -3.759362073448946351e-01
-1.695068778598020909e-01 6.255873724481426645e-01 7.615168138601088321e-01 4.268680499648834781e-01 -6.498505393490573434e-01 6.288703717197343668e-01 8.882854756650024886e-01 4.316650506366812023e-01 -1.568891257590265542e-01
-2.238806632564344368e-01 3.231787714884070128e-01 9.194742684159808999e-01 4.754832513762159429e-01 -7.873114151218544299e-01 3.925002079993397675e-01 8.507603224648886409e-01 5.250678215983786146e-01 2.259770876376388307e-02
-4.831210271513678572e-02 2.746061055898731396e-01 9.603423491151505953e-01 8.519921610330700723e-01 -4.904879894641035465e-01 1.831144170448108233e-01 5.213207249567598511e-01 8.270507958790833669e-01 -2.102657432068607557e-01
-1.208538015545170541e-01 -8.534528540182835521e-02 9.889947122758048215e-01 8.990577248415726475e-01 -4.317682704296982865e-01 7.260418757098283105e-02 4.208201112738279015e-01 8.979378279757612713e-01 1.289111749913703642e-01
9.990263677387194452e-01 -2.012134009912177821e-02 -3.926128163211938665e-02 -3.694498934064959633e-02 1.048162862887108693e-01 -9.938051186682739235e-01 2.411191252058635451e-02 9.942880255747117424e-01 1.039708510753910298e-01
-8.590682357943323355e-01 -4.643654920645022277e-01 2.153287162198904703e-01 -3.419244125006291046e-01 2.075597676961178084e-01 -9.165187608390967799e-01 3.809061070464911936e-01 -8.609782997344510580e-01 -3.370859015163058525e-01
3.061867554026164728e-01 -3.538658259021598140e-01 8.837582520545994580e-01 -9.440833653727338515e-01 6.388342150096782204e-03 3.296449427961340439e-01 -1.222958300291203532e-01 -9.352743802452602173e-01 -3.321228140527730521e-01
4.776428012501952591e-01 -2.173093234165588694e-01 8.512543758302240082e-01 -3.436497926828708249e-01 -9.379402181372712421e-01 -4.661509615594495309e-02 8.085556099631530103e-01 -2.702680246659703300e-01 -5.226786971364606460e-01
2.684258158159978924e-01 -9.207809264057615906e-01 -2.830372183492184668e-01 -5.083861469629017416e-01 1.141600369858505049e-01 -8.535285651526866024e-01 8.182243622501903513e-01 3.730013023070247180e-01 -4.374687663108450808e-01
-8.972743805628105029e-01 -1.964527625623729290e-01 3.953542690641351776e-01 -4.346762775220259223e-01 5.496742390986605331e-01 -7.133826214808600685e-01 -7.717007026833302974e-02 -8.119510717727520532e-01 -5.786019679381154690e-01
-9.913499989219534125e-01 -7.062103767530894527e-02 -1.106248103957944706e-01 4.063918746917698221e-02 6.362893205838051625e-01 -7.703793591165620791e-01 1.247943751909034032e-01 -7.682112792381157185e-01 -6.279154356854511621e-01
-3.472941619080830988e-01 -8.413012403425017549e-01 -4.142450821708453801e-01 -2.050891705213398475e-01 4.991884100990555129e-01 -8.418725339133273922e-01 9.150547509517836797e-01 -2.074202358039002880e-01 -3.459069940599979742e-01
7.444079650427049000e-02 -9.943440273922556916e-01 7.575303957703354019e-02 -5.281348409369450714e-01 2.512565730422982799e-02 8.487887199612975664e-01 -8.458913391236002610e-01 -1.031923278852660136e-01 -5.232773508009901375e-01
4.545106353145249578e-01 -4.587768942219812573e-01 -7.635075924403241787e-01 -5.506075160777226252e-01 -8.184876547913265687e-01 1.640406114134994597e-01 -7.001795809824137296e-01 3.458348164691162352e-01 -6.246173501377185744e-01
4.272860972739113694e-01 -4.771732684631744270e-01 -7.679402730294864199e-01 -6.453081506797139211e-01 -7.558706612493121257e-01 1.106206767691078063e-01 -6.332487518682983207e-01 4.482914401666611148e-01 -6.308968243148347366e-01
8.190549609278852117e-02 -8.969488481945592229e-01 4.344815915919197358e-01 -6.732502127016600779e-01 2.716470334984818491e-01 6.877078160735448087e-01 -7.348643689872059737e-01 -3.488418737966074157e-01 -5.816216177886684990e-01
-8.897571460232155394e-01 -4.026364596008975005e-01 -2.149793071453095505e-01 -4.562074959119197803e-01 7.696512231435754803e-01 4.466673430948071566e-01 -1.438547094808654593e-02 4.955006317994489762e-01 -8.684884467348710224e-01
-9.596042653380679743e-01 -2.748741898980417986e-01 6.003193877330775113e-02 -2.079984831415534752e-01 8.367607657332845061e-01 5.065254701792007985e-01 -1.894631493346391748e-01 4.735774494814370961e-01 -8.601326144187634304e-01
-9.942328594497399363e-01 -4.287428611690313057e-02 -9.829962756979127025e-02 -8.791594827097279352e-02 8.507653985582471767e-01 5.181399643490576246e-01 6.141504074743726893e-02 5.237938833224315971e-01 -8.496282484498722809e-01
-7.804942891922549419e-01 -2.716182038580710056e-01 -5.630738991208813493e-01 -5.183826667343289785e-01 7.846293475552318375e-01 3.400532278694868293e-01 3.494396591225481519e-01 5.572973517683058597e-01 -7.532008937490387579e-01
-7.165217588871698462e-01 -6.490665885771519650e-02 -6.945384760235860933e-01 -3.471518944471750912e-01 8.967872000484186090e-01 2.743324261020848032e-01 6.050472140444695945e-01 4.376755001884915508e-01 -6.651000115108852695e-01
-5.919961989151509840e-01 -1.562442068516064868e-02 -8.057892888021449540e-01 -4.605835967037184564e-01 8.270166284998078376e-01 3.223449187319037401e-01 6.613646882904165025e-01 5.619602954507235681e-01 -4.967870523870928090e-01
-9.655085457416544559e-01 2.361418917791761191e-02 2.592983188709588882e-01 2.603658149224366003e-01 9.406703167867885851e-02 9.609167684929523778e-01 -1.700152820036716830e-03 9.952857698272553622e-01 -9.697085056735638142e-02
-3.175442338244311991e-01 -3.033319536898685942e-01 8.984182686452578670e-01 3.295329449756142365e-02 9.433529277843224481e-01 3.301504717890076379e-01 -9.476706917208173042e-01 1.344432203996712150e-01 -2.895604954788434937e-01
-5.640417098626074877e-01 7.075536752492933568e-01 -4.257049990033990317e-01 8.210163376200384500e-01 4.254385176084882203e-01 -3.807022998302897476e-01 -8.825600770625137426e-02 -5.642427353332165607e-01 -8.208781960360771457e-01
-4.409674625951771065e-01 8.452974894106881631e-01 -3.016949640420919510e-01 7.456701547625064208e-01 1.579594252791933495e-01 -6.473212805569790174e-01 -4.995234901672103156e-01 -5.104125530994071402e-01 -6.999680767075839860e-01
-5.098106687803765080e-01 8.602742323269305658e-01 4.618137288528412557e-03 6.302638066277143070e-01 3.771462303760705348e-01 -6.786223213012249067e-01 -5.855430095670587365e-01 -3.430582546848716663e-01 -7.344728843461283407e-01
-4.879225298643773412e-01 8.727833701533259658e-01 1.344595234815043616e-02 6.263670648964695387e-01 3.608108897492555700e-01 -6.909991330322586833e-01 -6.079439981311831609e-01 -3.287319434161418696e-01 -7.227305199824610726e-01
-5.376318585434539665e-01 8.253271996668164467e-01 1.725891021161027328e-01 4.941635624736256949e-01 4.742700316436423424e-01 -7.286084755258575019e-01 -6.831942316812158467e-01 -3.064358833016622152e-01 -6.628293077577694925e-01
-2.761996602913374121e-01 9.040573372726867785e-01 3.261810518383457813e-01 5.389078176587829283e-01 4.266897712598921588e-01 -7.263017301152666638e-01 -7.957965265827677825e-01 -2.482277231899800499e-02 -6.050551365398043613e-01
-2.207259242727288850e-01 8.987246921557435764e-01 3.789115913554417792e-01 2.655938464901960172e-01 4.291967721474923558e-01 -8.632786569148548361e-01 -9.384774771194520637e-01 -8.991139242463823400e-02 -3.334306021524883201e-01
-1.677735345415920509e-01 2.795218575767777214e-01 -9.453674271119399952e-01 5.869667336961147397e-01 -7.421284661003072491e-01 -3.235975793137513823e-01 -7.920366750609068029e-01 -6.091903404851662929e-01 -3.956051589693312942e-02
-2.153284202690362859e-01 3.447844519802491514e-01 -9.136505639997827277e-01 1.845602586360345077e-01 -9.043687321485851527e-01 -3.847787770189000089e-01 -9.589427419594150903e-01 -2.514773906032901629e-01 1.311027828031078590e-01
-1.564656786347808637e-01 7.128475419616261410e-01 -6.836423577636374649e-01 1.243460417952668706e-01 -6.724430450547261851e-01 -7.296289557352949595e-01 -9.798247564229065620e-01 -1.991701109022014360e-01 1.657448714131272774e-02
1.380471554720328342e-01 6.989146989132870580e-01 -7.017558168686813813e-01 -3.829535263890229135e-01 -6.157660163240692430e-01 -6.886064258824471374e-01 -9.133945366008560107e-01 3.638000230667056134e-01 1.826471016040823181e-01
1.705433607521512074e-01 6.397660553193936783e-01 -7.494093384555761128e-01 -3.494612570903611326e-01 -6.718416230759542973e-01 -6.530740105803417572e-01 -9.212989698768725422e-01 3.732669660761988584e-01 1.089953216431036181e-01
-7.034004522079663202e-01 -9.448230092762704979e-02 -7.044862657604121781e-01 1.026354525640532228e-01 -9.942400563883163622e-01 3.086541997009270566e-02 -7.033447004922983581e-01 -5.059451634692735400e-02 7.090461389818156768e-01
-8.109126946351291609e-01 7.352293437168774815e-02 -5.805299129252257107e-01 -8.460312960583241115e-02 -9.963825159406692888e-01 -8.012015267112444078e-03 -5.790189220919230717e-01 4.261760257356361076e-02 8.141995012344266369e-01
-6.580289423745716570e-01 2.799889629485293741e-01 -6.990022114588834157e-01 -2.571093313322837526e-01 -9.560534024037152800e-01 -1.409137448730475028e-01 -7.077377358451847345e-01 8.699466868312988321e-02 7.010985842814436708e-01
4.569635270861915344e-01 -3.982354986987855783e-02 -8.885935064970422737e-01 8.424161309162134792e-01 -3.012919461015857725e-01 4.467194036377602484e-01 -2.855160193143367331e-01 -9.526999780046606636e-01 -1.041314295725113553e-01
9.838707167530268416e-01 -7.789083412004262075e-02 -1.610323901454923656e-01 -1.018027712778642596e-01 -9.840297255586979430e-01 -1.460195020434638113e-01 -1.470870778689710445e-01 1.600578557177318173e-01 -9.760875341622846646e-01
9.617875705529461694e-01 -2.391133414696393067e-01 1.333772059277203159e-01 -2.611424041586409839e-01 -9.475166189687828089e-01 1.844367141547785249e-01 8.227584019690685480e-02 -2.122193834436197080e-01 -9.737523398743148650e-01
8.268184142353380839e-01 -4.825021744571733051e-01 2.890725886787956500e-01 -4.206353584573513937e-01 -8.716100578737367988e-01 -2.517177034473270791e-01 3.734129150107372563e-01 8.653068044018040472e-02 -9.236207209919791161e-01
9.728301290780466681e-01 -2.154730184144520999e-01 -8.469308291328692118e-02 -2.228826216295536622e-01 -7.726350729530593320e-01 -5.944395520306151592e-01 6.264883824564432269e-02 5.971653224846419361e-01 -7.996678689857964484e-01
6.623297255555344876e-01 -3.322515199863974034e-01 -6.715119225391747992e-01 -1.578304045727535188e-01 -9.380526776984077220e-01 3.084586475611406642e-01 -7.323994115494162349e-01 -9.831633297461611631e-02 -6.737395643959861458e-01
8.970100079477378863e-01 -4.173396326892062635e-01 -1.456045213186675236e-01 -2.042477873354515971e-01 -6.834987039186809499e-01 7.007940946598050225e-01 -3.919896516620970939e-01 -5.988799151151441569e-01 -6.983458743785245781e-01
5.213563880283794694e-01 -8.464573465748139736e-01 1.081548754866240442e-01 -8.142039386977407700e-01 -5.313771525442030352e-01 -2.339022615604655908e-01 2.554593174481748497e-01 3.388631262826043156e-02 -9.662257784521031123e-01
8.604051475138408955e-01 -7.710122639994772265e-02 -5.037443627667805846e-01 -4.803010614922418320e-01 -4.530846758074166258e-01 -7.510160896265232200e-01 -1.703345897377026297e-01 8.881270615379940336e-01 -4.268681882065895605e-01
-1.817890366314633410e-01 -4.834496986431029431e-01 -8.562879977218518235e-01 -2.645861205635099966e-01 -8.146351685887477379e-01 5.161043759778977114e-01 -9.470728224195628098e-01 3.203840367126254418e-01 2.017766225228180554e-02
3.607767633250932304e-01 -7.554957351899100892e-01 -5.468695650285605447e-01 -9.339460491582438073e-02 -6.126775442076090039e-01 7.847953074505162885e-01 -9.279642098795011229e-01 -2.320612439283876727e-01 -2.915990470648398003e-01
3.562284442135429940e-01 -8.792058631352794862e-01 -3.163832261068007523e-01 -7.490832234433860704e-01 -6.631111686972028518e-02 -6.591488148628931176e-01 5.585477776241394299e-01 4.718049236793089851e-01 -6.822202680242624995e-01
3.543554199374022162e-01 -9.068831423981871254e-01 -2.280245653322842403e-01 -7.409021561424248281e-01 -1.235113857502031787e-01 -6.601582633078002527e-01 5.705227702594296568e-01 4.028745507277102789e-01 -7.156786045365979287e-01
-4.898768272450691463e-01 -8.599634926038874916e-01 1.431205279365210525e-01 -8.242567943040917111e-01 5.103509434116281218e-01 2.452399877719857735e-01 -2.839391328645052837e-01 2.169319567293885760e-03 -9.588398525722467980e-01
-7.067032148145747650e-01 -6.701878861187925418e-01 -2.267570582592076944e-01 -7.067465548470621695e-01 6.538149563881486825e-01 2.702504579366566406e-01 -3.286142697075449676e-02 3.512466371408956012e-01 -9.357061111880471405e-01
-7.760121671898465578e-01 -3.388344569423585306e-01 5.319739910577351294e-01 9.011576070605861744e-02 7.752241637785967088e-01 6.252252758535473687e-01 -6.242469591801681483e-01 5.331216621769867547e-01 -5.710490585509803152e-01
-9.822117123389143556e-01 1.872608135663614004e-01 1.391185993036282882e-02 5.420602711075071800e-02 2.118251926876100200e-01 9.758031534934316076e-01 1.797828099934088708e-01 9.591993929550421960e-01 -2.182078499631771029e-01
-9.600255824770390634e-01 2.182640337980522871e-01 -1.752475179277148964e-01 -9.127592226230274441e-02 3.477529618829064972e-01 9.331326719801597003e-01 2.646121444771352693e-01 9.118271157691399953e-01 -3.139294888081449741e-01
-9.964874922683066849e-01 -1.946973392797394023e-02 -8.144695951105623832e-02 -8.138083372458912446e-02 4.544642742173042871e-01 8.870396740633590404e-01 1.974430690382801556e-02 8.905521618192350219e-01 -4.544524281197918625e-01
-8.683975619168424753e-01 -6.191255856674710012e-02 4.919883225734155707e-01 4.714870950523894488e-01 2.041934281323422584e-01 8.579073161517047907e-01 -1.535760191434291655e-01 9.769707667066001022e-01 -1.481301027636714174e-01
-8.818983933700792477e-01 3.621836573277064097e-01 3.017916866581983326e-01 1.978140167263904847e-01 -2.967865822992677982e-01 9.342308811817834346e-01 4.279308805845222219e-01 8.835953389034183481e-01 1.900906060548730181e-01
-6.430315163377126053e-01 4.966185025382638396e-01 -5.829927374616897806e-01 -3.539374837215444325e-01 4.823615019612828569e-01 8.012837444017675281e-01 6.791455857275989771e-01 7.215936837045540120e-01 -1.344017448711456453e-01
7.337838560062600601e-01 -6.148484291131284252e-01 2.890028752135567758e-01 -3.663681525627646152e-01 1.194774575330175980e-04 9.304699686249330304e-01 -5.721325278747321219e-01 -7.886452909529452215e-01 -2.251732124508004362e-01
-3.154658178909155453e-01 -7.295513670278434004e-01 6.068246209657459644e-01 -5.769170369324408965e-01 -3.602737301109868451e-01 -7.330549583005413483e-01 7.534242166532135743e-01 -5.813412442444814143e-01 -3.072365660216414551e-01
-4.619189838528856562e-01 -4.866505713174779646e-01 7.414863948803711580e-01 -6.281940204032085973e-01 -4.106526716299563895e-01 -6.608605420304898281e-01 6.261015293752052457e-01 -7.710613495173724852e-01 -1.160227141316624161e-01
-5.950161667932413190e-01 -5.451434320419781265e-01 5.905712486704469688e-01 -3.906195129920019826e-01 -4.460290166545683999e-01 -8.052791518300037588e-01 7.024045538894013729e-01 -7.098427676631297034e-01 5.245081383333418529e-02
-7.072330787862085577e-01 -2.911128661631590120e-01 6.442628899951100552e-01 -4.578475965581994545e-01 -5.057810633606079076e-01 -7.311368505770265980e-01 5.386993137144886479e-01 -8.120583815835432651e-01 2.244197725323139880e-01
-3.958017435829710440e-01 -1.946951433069089299e-01 8.974601834897092401e-01 -8.242987052519074043e-01 -3.554688996396858647e-01 -4.406512293287972448e-01 4.048118381380530484e-01 -9.141857921460244674e-01 -1.979174427981154200e-02
-4.233931183391149156e-01 -1.154468467709658108e-01 8.985601220362059438e-01 -8.421839395881575152e-01 -3.153630220760732517e-01 -4.373469746171994021e-01 3.338629647667604727e-01 -9.419226029126210875e-01 3.629505309903348353e-02
-1.305776612107373558e-01 4.220237440452809241e-02 9.905394661432498360e-01 -9.318875311969497810e-01 -3.462680132919371823e-01 -1.080929792840813891e-01 3.384303526464316203e-01 -9.371859060855939338e-01 8.454273382223470579e-02
-2.387919915736057275e-01 -1.529247814660310567e-01 9.589538028361314081e-01 8.953655409705342516e-02 -9.867827204230601446e-01 -1.350669025146064017e-01 9.669341188730163905e-01 5.360852439707147754e-02 2.493281690287564023e-01
-2.339195811229246025e-01 1.920546254925493967e-01 9.530984473779151589e-01 2.534289898704447305e-02 -9.787582987916523258e-01 2.034451523566071507e-01 9.719255974806965126e-01 7.174408249735447773e-02 2.240835103000773931e-01
-2.606794431425349390e-01 1.363588708409726735e-01 9.557470827922379675e-01 3.014873817607247042e-01 -9.289670646269655441e-01 2.147685998404384455e-01 9.171431657936293114e-01 3.441314446273897598e-01 2.010521381550191000e-01
2.698210873260936150e-03 -9.547258548261849942e-01 2.974748086552774784e-01 4.098247867589973059e-01 -2.702909406814302251e-01 -8.711982848602780605e-01 9.121602730967983685e-01 1.242632267082988823e-01 3.905410179123520731e-01
-9.296574895176816788e-01 3.643513132362049545e-01 -5.463581908175579871e-02 -1.394432318125327086e-01 -4.852342541920299790e-01 -8.631936652109890584e-01 -3.410169164211032666e-01 -7.948558605821292034e-01 5.019079832129441643e-01
-7.320623302198040472e-01 5.507646772642056376e-01 4.009276929213123619e-01 -6.627531613014698841e-01 -4.396293780425371556e-01 -6.062047980236053846e-01 -1.576165976604579633e-01 -7.094957929684911901e-01 6.868571379129387866e-01
-8.856936485039623719e-01 -1.519632209381272803e-01 4.386957265370269310e-01 1.010086556051133511e-01 -9.853526483335216524e-01 -1.373950869389551077e-01 4.531489959081751451e-01 -7.737789028026872962e-02 8.880701828139414555e-01
-6.273412068283216181e-01 -7.471476852411511604e-01 -2.195753780686146017e-01 6.903341573541231790e-01 -4.030684004670912479e-01 -6.008116308253973470e-01 3.603911228170836867e-01 -5.284942771532068484e-01 7.686429844934200561e-01
-6.375112508670655043e-01 4.416703464226622855e-01 -6.312738788424522296e-01 2.297422447635313614e-01 -6.731092396867830452e-01 -7.029526672680710409e-01 -7.353896286927924519e-01 -5.931705121962541627e-01 3.276443765302718414e-01
-7.388295558033823873e-01 6.406996229793034958e-01 -2.088896373340612123e-01 -2.960730352580405178e-01 -5.870703097685912031e-01 -7.534515307445476262e-01 -6.053690157783665482e-01 -4.948256708199260667e-01 6.234387782558467039e-01
-5.569796064067825681e-01 8.159108103365797504e-01 -1.551233948276393437e-01 -3.395384643160453964e-01 -3.941545925425304353e-01 -8.540232950145644208e-01 -7.579494371637514050e-01 -4.230031994601669565e-01 4.965691733783070827e-01
-5.283041954571688903e-01 8.347417530838636690e-01 -1.552445899889317027e-01 -3.893279411875342766e-01 -4.006544717052007432e-01 -8.293972199816578295e-01 -7.545319285974779744e-01 -3.777329744159287350e-01 5.366557264819468154e-01
-2.799627128715463931e-01 -1.012049341531954666e-01 -9.546614272634312837e-01 2.202208563885939552e-01 -9.746802356408841295e-01 3.874548570485383120e-02 -9.344108592118771650e-01 -1.993890657836536739e-01 2.951615602222679713e-01
-2.774501428903363154e-01 -4.288903839543326546e-01 -8.596943973073442047e-01 9.500043167277096856e-01 -2.558722902768356677e-01 -1.789445983180407151e-01 -1.432243568980159643e-01 -8.663615928813973577e-01 4.784395196586064825e-01
-4.544691923775066589e-01 8.492705343582057642e-01 -2.686955761650436925e-01 7.338675640970562242e-01 1.860110305423078036e-01 -6.533286270192374401e-01 -5.048724111555218386e-01 -4.941047014424336248e-01 -7.077883811327320140e-01
-4.728951802099528590e-01 7.438768473742547460e-01 -4.722471646021144109e-01 8.620646553808399837e-01 5.014618502165494318e-01 -7.335218279307520461e-02 1.822489464367627876e-01 -4.417954829080251722e-01 -8.784088301040438029e-01
-4.762660980129416743e-01 8.345163689483936498e-01 2.770433789873273378e-01 8.768025383337247902e-01 4.744599869417792104e-01 7.813468860080546863e-02 -6.624132135657603837e-02 2.801252411840025047e-01 -9.576752772190265661e-01
-2.994564024782051526e-01 8.607666701702071377e-01 4.115903333885590487e-01 7.405693569441117452e-01 4.816845235872071473e-01 -4.685478068371998761e-01 -6.015670291581778351e-01 1.645015478974569401e-01 -7.817009339697278403e-01
-4.162280809141068877e-02 8.177745716224915640e-01 -5.740316122429460766e-01 9.245160351658618936e-01 -1.863337647935793817e-01 -3.324903439485819567e-01 -3.788636200109231633e-01 -5.445406119891348373e-01 -7.482899700829335199e-01
-1.116480414141087507e-01 7.183718128747009768e-01 -6.866415755803823018e-01 8.603117821046515346e-01 4.157128350134712269e-01 2.950363983934542467e-01 4.973915484005655974e-01 -5.577856015282023350e-01 -6.644372583679436506e-01
-2.399686676592312218e-01 8.286827015605982005e-01 5.056678936575688121e-01 9.165472425830644143e-01 2.173515488690158301e-02 3.993353667726222134e-01 3.199315405758484387e-01 5.592964895082672694e-01 -7.647426012512270610e-01
-2.915912934793939981e-01 8.490699097631684289e-01 4.405165217126132959e-01 7.566696746490207959e-01 -7.698610033775619976e-02 6.492489074471594623e-01 5.851713604010019276e-01 5.226408218744018619e-01 -6.200169757973490459e-01
-3.402520670281637405e-01 5.795033902295749773e-01 7.405432813789423196e-01 7.994366671251799117e-01 -2.363827980280675811e-01 5.522899492587260983e-01 4.951055908983926224e-01 7.799352495616871384e-01 -3.828465232339229307e-01
2.266748299684184231e-01 6.299659401888790811e-01 7.428064590865718353e-01 7.934154354238369677e-01 3.229039588941806649e-01 -5.159699411416024395e-01 -5.648986354116923847e-01 7.063115088488983728e-01 -4.266305007586787545e-01
8.159033508122685019e-01 4.480912846832080798e-01 -3.653983069531996364e-01 4.861663368225909165e-01 -8.737529017061865799e-01 1.407692084662751260e-02 -3.129600854323372761e-01 -1.891297632604960754e-01 -9.307448187205841217e-01
7.809612116543624971e-01 5.195725826501297329e-01 -3.466178259259393712e-01 5.919897053011217158e-01 -7.926872964645140796e-01 1.455851600997534190e-01 -1.991174897110787878e-01 -3.188905476524098725e-01 -9.266396515955404034e-01
7.294147437325063654e-01 6.587038952956590920e-01 -1.845624825038063854e-01 6.691383282731033777e-01 -7.430989999568170523e-01 -7.600914356535252124e-03 -1.421549480725845527e-01 -1.179536120070255878e-01 -9.827913899465019476e-01
7.977289145410823012e-01 4.887987343392555806e-01 -3.531350679463156061e-01 2.937618749207384083e-01 -8.264354334326501350e-01 -4.803211792228613830e-01 -5.266237174189549730e-01 2.794284732723739118e-01 -8.028618739089005141e-01
7.919093307839245588e-01 -7.336201007100738927e-03 -6.105946216370896629e-01 4.624098961453125545e-02 -9.963362780966260601e-01 7.194297622444835449e-02 -6.088853608823474595e-01 -8.520681371431575168e-02 -7.886687620286656486e-01
7.712190417602912129e-01 4.020777489642667346e-01 -4.935125868852446862e-01 6.365058358314694686e-01 -4.760820014098118280e-01 6.068000073221083701e-01 9.028320930313049955e-03 -7.820993617958374999e-01 -6.230883386003330804e-01
5.204549519454065853e-01 6.884537308272633549e-01 5.051317684580199918e-01 7.334113129223897021e-01 -6.633744099973921671e-01 1.484662865369396900e-01 4.373036577402039105e-01 2.931993394785090690e-01 -8.501762512893457080e-01
1.691147664438212919e-02 9.321991536932695555e-01 3.615504664791059364e-01 1.010859836174863961e-02 -3.617431045120360067e-01 9.322230111819571619e-01 9.998058902591382413e-01 -1.211049922781893932e-02 -1.554083690106870461e-02
-5.183637250693117204e-01 1.002647733278282105e-02 8.551014666602803072e-01 1.947781772506908815e-01 -9.722641959088731411e-01 1.294750749008134472e-01 8.326827188066089347e-01 2.336702871696952899e-01 5.020335513637179670e-01
-6.759738229660534614e-01 2.820372065446740684e-01 6.808189221732423579e-01 -3.423947806869357957e-01 -9.382911216075341398e-01 4.873997610607347375e-02 6.525528368055754092e-01 -2.001618975653269294e-01 7.308283040085706839e-01
-6.226642201790794084e-01 3.886538692973437459e-01 6.791446376059979695e-01 -3.917523466238793661e-01 -9.061586522568108037e-01 1.593944661988118128e-01 6.773620655332444063e-01 -1.668072744826303577e-01 7.164886358876975114e-01
-5.630282858433346416e-01 4.514622550099619547e-01 6.922289950887903220e-01 -5.492019818494829897e-01 -8.302940798536890821e-01 9.480993667604646624e-02 6.175567443344105456e-01 -3.267928598688101816e-01 7.154230177075991959e-01
