9.747245245492268673e-01 2.234101636951274505e-01 0.000000000000000000e+00 -2.234101636951274505e-01 9.747245245492268673e-01 0.000000000000000000e+00 0.000000000000000000e+00 0.000000000000000000e+00 1.000000000000000000e+00
9.747245245492408561e-01 2.234101636950665271e-01 0.000000000000000000e+00 -2.234101636950665271e-01 9.747245245492408561e-01 0.000000000000000000e+00 0.000000000000000000e+00 0.000000000000000000e+00 1.000000000000000000e+00
9.747245245492728305e-01 2.234101636949271108e-01 0.000000000000000000e+00 -2.234101636949271108e-01 9.747245245492728305e-01 0.000000000000000000e+00 0.000000000000000000e+00 0.000000000000000000e+00 1.000000000000000000e+00
9.747245245492870414e-01 2.234101636948658820e-01 0.000000000000000000e+00 -2.234101636948658820e-01 9.747245245492870414e-01 0.000000000000000000e+00 0.000000000000000000e+00 0.000000000000000000e+00 1.000000000000000000e+00
9.747245245492952570e-01 2.234101636948297442e-01 0.000000000000000000e+00 -2.234101636948297442e-01 9.747245245492952570e-01 0.000000000000000000e+00 0.000000000000000000e+00 0.000000000000000000e+00 1.000000000000000000e+00
9.747245245493020294e-01 2.234101636947998237e-01 0.000000000000000000e+00 -2.234101636947998237e-01 9.747245245493020294e-01 0.000000000000000000e+00 0.000000000000000000e+00 0.000000000000000000e+00 1.000000000000000000e+00
9.747245245492868193e-01 2.234101636948662983e-01 0.000000000000000000e+00 -2.234101636948662983e-01 9.747245245492868193e-01 0.000000000000000000e+00 0.000000000000000000e+00 0.000000000000000000e+00 1.000000000000000000e+00
9.747245245493324495e-01 2.234101636946671798e-01 0.000000000000000000e+00 -2.234101636946671798e-01 9.747245245493324495e-01 0.000000000000000000e+00 0.000000000000000000e+00 0.000000000000000000e+00 1.000000000000000000e+00
9.747245245493310062e-01 2.234101636946735636e-01 0.000000000000000000e+00 -2.234101636946735636e-01 9.747245245493310062e-01 0.000000000000000000e+00 0.000000000000000000e+00 0.000000000000000000e+00 1.000000000000000000e+00
9.747245245493338928e-01 2.234101636946601577e-01 0.000000000000000000e+00 -2.234101636946601577e-01 9.747245245493338928e-01 0.000000000000000000e+00 0.000000000000000000e+00 0.000000000000000000e+00 1.000000000000000000e+00
9.747245245493442178e-01 2.234101636946160263e-01 0.000000000000000000e+00 -2.234101636946160263e-01 9.747245245493442178e-01 0.000000000000000000e+00 0.000000000000000000e+00 0.000000000000000000e+00 1.000000000000000000e+00
9.747245245493221244e-01 2.234101636947127267e-01 0.000000000000000000e+00 -2.234101636947127267e-01 9.747245245493221244e-01 0.000000000000000000e+00 0.000000000000000000e+00 0.000000000000000000e+00 1.000000000000000000e+00
9.463186281706169600e-01 2.841483073493457079e-01 -1.540804770494421383e-01 -9.152688093736882635e-02 6.927286435897194172e-01 7.153669383024522377e-01 3.100062645224425095e-01 -6.628625542153135930e-01 6.815492279916337548e-01
9.960910196724737098e-01 5.306436989996683035e-02 7.061765483907941898e-02 7.468030857287080715e-02 -7.894036056030258319e-02 -9.940781010494449399e-01 -4.717554492862447574e-02 9.954660175624927554e-01 -8.259464776217904924e-02
9.644780364985949817e-01 8.101117980258751294e-02 2.514344961591559180e-01 -2.641616200556721195e-01 2.989080016467808854e-01 9.169910823127404020e-01 -8.692533453917212528e-04 -9.508371023989972137e-01 3.096902470212785086e-01
9.340792243782417570e-01 -2.211328473787378401e-01 -2.803502566346519620e-01 -3.098931223777811605e-01 -1.120250371787891303e-01 -9.441486343516261037e-01 1.773760279403419349e-01 9.687882404608673115e-01 -1.731678083733934614e-01
8.078197977574086419e-01 -4.268362588669211699e-01 4.064947508488520045e-01 -4.288755657467886451e-01 4.744572469567663597e-02 9.021167620177967805e-01 -4.043425817998292926e-01 -9.030834464901861258e-01 -1.447320462746783942e-01
9.321725807121910012e-01 -7.091532408268211296e-02 3.550004177161230068e-01 -2.440132270101022238e-01 6.012970828125068223e-01 7.608543640180331913e-01 -2.674169493739879111e-01 -7.958723735696683343e-01 5.432083763861639270e-01
5.096154694826000586e-01 -6.607828410534947183e-01 -5.510518217312244671e-01 -5.698540087997672199e-01 2.206338734088422737e-01 -7.915725504080128871e-01 6.446382566361261723e-01 7.174167065756713590e-01 -2.641113159394216647e-01
9.025211862829704001e-01 1.934113475532432680e-01 3.847694880678800833e-01 -2.915233349846692024e-01 9.320179853303665052e-01 2.153058758606954115e-01 -3.169694834992736188e-01 -3.064873988573810770e-01 8.975498988200268924e-01
9.748059350836862924e-01 2.227550144407099975e-01 -1.155822076008802476e-02 -2.228850676909693851e-01 9.747764645342359424e-01 -1.153649819171038635e-02 8.696868747535141386e-03 1.382200172386088832e-02 9.998666494799862692e-01
9.748059350836657533e-01 2.227550144408005639e-01 -1.155822076009128431e-02 -2.228850676910600070e-01 9.747764645342154033e-01 -1.153649819171495040e-02 8.696868747536034769e-03 1.382200172386686098e-02 9.998666494799861582e-01
9.744113917648463685e-01 2.206312310714572678e-01 -4.294530794846397603e-02 -2.214089583947528306e-01 9.750772863883303554e-01 -1.422528425447570737e-02 3.873645236009306408e-02 2.336975492946553185e-02 9.989761467688259566e-01
9.744113917648344891e-01 2.206312310715078384e-01 -4.294530794847312843e-02 -2.214089583948038176e-01 9.750772863883185870e-01 -1.422528425447906406e-02 3.873645236010000298e-02 2.336975492947286626e-02 9.989761467688255125e-01
9.744113917648240530e-01 2.206312310715516922e-01 -4.294530794848532701e-02 -2.214089583948480600e-01 9.750772863883085950e-01 -1.422528425448033214e-02 3.873645236011058479e-02 2.336975492947854227e-02 9.989761467688249574e-01
9.584819741927929071e-01 2.265119553182796674e-01 -1.732184725870088982e-01 -2.168513067358435464e-01 9.734674721548207676e-01 7.305197754654568776e-02 1.851696949137298931e-01 -3.245635152622094316e-02 9.821704380254796529e-01
7.305130867463246469e-01 3.938689560989817040e-01 -5.578690487147101029e-01 -6.023848501973196740e-02 8.508945283762321399e-01 5.218714654988499957e-01 6.802366904356783595e-01 -3.476287488124197855e-01 6.453156576313853199e-01
8.745968997027093739e-01 2.253705385391777671e-01 -4.292882288031783511e-01 -1.248553914142282451e-01 9.602302781640432716e-01 2.497377507142323483e-01 4.684990867282548543e-01 -1.648209126766540245e-01 8.679531510854869847e-01
9.679646932774867985e-01 1.878034335033063051e-02 -2.503830091517085799e-01 -3.061748573587599193e-02 9.985856874992465881e-01 -4.346486269241710276e-02 2.492126042868504643e-01 4.973855069562169162e-02 9.671706956061401073e-01
9.819141026153506147e-01 -6.235111493896455803e-02 -1.787653029839927354e-01 4.040394844395417406e-02 9.914737034547593808e-01 -1.238846895618748584e-01 1.849654455168018297e-01 1.144212996935965593e-01 9.760612430279153040e-01
9.830697038428718448e-01 -1.336641229949469545e-01 -1.253310001965998732e-01 1.118916249663305246e-01 9.795779309143239910e-01 -1.670549057286435934e-01 1.451007293182307034e-01 1.502031274295034802e-01 9.779492823565616444e-01
9.631784541970668245e-01 -2.651129846290307679e-01 -4.474785750889005709e-02 2.508304979453776506e-01 9.459714747017533565e-01 -2.054799998809233030e-01 9.680561280743317509e-02 1.866897812727776051e-01 9.776377646640397323e-01
9.028413753240649431e-01 -4.290928838114870802e-01 2.750905424205603647e-02 4.247260407416330596e-01 8.800301262398602109e-01 -2.124965110918119737e-01 6.697194426688951596e-02 2.035344540184722273e-01 9.767745311526684349e-01
8.244892938546465322e-01 -5.632733307391826205e-01 5.422692317524425293e-02 5.614676025067592002e-01 8.023588432935212511e-01 -2.024213870222092149e-01 7.050911752658930998e-02 1.973409269935419430e-01 9.777960026912319025e-01
8.738047414049742168e-01 -4.827397740542574422e-01 5.854557578699504106e-02 4.839202210915615754e-01 8.514057063174030882e-01 -2.023105110192207901e-01 4.781729307353439068e-02 2.051112717434337984e-01 9.775698812294245643e-01
9.342444640671311307e-01 -3.450603022082765481e-01 9.011475572763791297e-02 3.559983643817382637e-01 9.173892493256334824e-01 -1.779385561908322089e-01 -2.127077613642762433e-02 1.983188167110820910e-01 9.799067307763889012e-01
9.622890285447879277e-01 -2.404965435870715373e-01 1.271268581575133172e-01 2.571332361863812310e-01 9.566813866824590562e-01 -1.365401890420771258e-01 -8.878245542136928292e-02 1.640796663148705037e-01 9.824436567617267357e-01
9.721980755738176549e-01 -1.728587182716289916e-01 1.579581127009781483e-01 1.883357197946602668e-01 9.780800182148787769e-01 -8.882080059428390517e-02 -1.391422240011727096e-01 1.161005662616333839e-01 9.834429825941793935e-01
9.736124777627767068e-01 -1.551528621157879650e-01 1.673509262654569729e-01 1.683355681742852439e-01 9.834081999486671277e-01 -6.761248968321588448e-02 -1.540840018693301061e-01 9.399947686557438842e-02 9.835762394023815913e-01
9.747266629676806238e-01 -1.188035057103951908e-01 1.891921233318390738e-01 1.191970030373421252e-01 9.928267041035322427e-01 9.338634045355681187e-03 -1.889444547130334773e-01 1.344851849972045731e-02 9.818956820270456909e-01
9.747266629676746286e-01 -1.188035057104050579e-01 1.891921233318636375e-01 1.191970030373521311e-01 9.928267041035310214e-01 9.338634045357764590e-03 -1.889444547130579855e-01 1.344851849972331786e-02 9.818956820270409169e-01
9.743623287147449297e-01 -1.178933704492723944e-01 1.916225602211025780e-01 8.678676189210884906e-02 9.827469479547753517e-01 1.633294041067206437e-01 -2.075719401601812120e-01 -1.425117170259509458e-01 9.677831886163622555e-01
9.744300586214675874e-01 -1.120031895768803659e-01 1.947853854363026105e-01 8.706943939257177911e-02 9.873932755036993747e-01 1.321871106195266210e-01 -2.071351577565402891e-01 -1.118472396381828965e-01 9.718977422581515091e-01
9.747594196481654816e-01 -8.741104450889124189e-02 2.054346200255364741e-01 7.415545295887736310e-02 9.946891194440435902e-01 7.137593751466200787e-02 -2.105826265474805281e-01 -5.434027012720719224e-02 9.760645943987860118e-01
9.747594196481654816e-01 -8.741104450888163846e-02 2.054346200255401655e-01 7.415545295887095156e-02 9.946891194440451445e-01 7.137593751464527125e-02 -2.105826265474824155e-01 -5.434027012719189198e-02 9.760645943987863449e-01
9.750623407323443237e-01 -6.398841765902074652e-02 2.125062683570930200e-01 5.522419617395792069e-02 9.973704295987154689e-01 4.693095267533139991e-02 -2.149505055646585561e-01 -3.402511671645970515e-02 9.760320545914100698e-01
9.750040330215967721e-01 -3.650146757273346060e-02 2.191683792353678883e-01 3.127690034656876311e-02 9.991389031716960689e-01 2.726183547692565337e-02 -2.199747510427779995e-01 -1.972549198111020127e-02 9.753061129049541700e-01
9.750040330216129814e-01 -3.650146757271408721e-02 2.191683792352985827e-01 3.127690034655413592e-02 9.991389031716969571e-01 2.726183547690880574e-02 -2.199747510427078057e-01 -1.972549198109957089e-02 9.753061129049701572e-01
9.703686046816693000e-01 5.675067939623512636e-02 2.348704567122393838e-01 -5.954935253696318209e-02 9.982136548181603786e-01 4.834661001453502763e-03 -2.341765267070520240e-01 -1.867778687736398879e-02 9.720146576141662775e-01
-4.099147945161998180e-02 9.326916907239715115e-01 3.583377019890974235e-01 -9.870097278006889630e-01 1.795972413811835686e-02 -1.596535171416301468e-01 -1.553431551088670370e-01 -3.602272315682734094e-01 9.198395761204670729e-01
8.874809058906537595e-01 4.534758030599861933e-01 8.208128726211107173e-02 -4.393608257657548033e-01 8.863271773016380140e-01 -1.462402118397837791e-01 -1.390672731520202210e-01 9.372209352981515640e-02 9.858379495243880797e-01
9.818068579694273490e-01 1.840109621722857691e-01 -4.685359585592498849e-02 -1.893425273482048365e-01 9.673359995032223546e-01 -1.685540607713029437e-01 1.430737507703794785e-02 1.743589110585730129e-01 9.845782189104498316e-01
7.578136659929675112e-01 6.028822527422477151e-01 2.495023786714906378e-01 -5.538823205434421082e-01 7.965323928364699269e-01 -2.423850699849714740e-01 -3.448663837252201603e-01 4.548776198759929557e-02 9.375489538608898776e-01
-5.024439739611910039e-01 7.964630903525774519e-01 3.364470221834461316e-01 -4.432816594838146496e-01 9.679963109538346211e-02 -8.911403939812589936e-01 -7.423283797588247079e-01 -5.968889152311510626e-01 3.044210890835563621e-01
9.534768715276940032e-01 1.501788361250553927e-01 2.613965811595190813e-01 -1.860910764893695390e-01 9.753705859156861502e-01 1.184159253712056131e-01 -2.371749706709982419e-01 -1.615504172406098671e-01 9.579402361194544469e-01
9.885785892126867092e-01 -3.461842824004623953e-02 1.466763013456597320e-01 9.292495627778400019e-03 9.854096562974894447e-01 1.699454583113991502e-01 -1.504194883492885049e-01 -1.666414525316331496e-01 9.744765794121917901e-01
9.889267850485398137e-01 -6.342636196433212858e-02 1.341674715477968460e-01 3.992668921278688665e-02 9.844454175622117109e-01 1.710937734964905754e-01 -1.429324081587687867e-01 -1.638423524267532683e-01 9.760768464876129480e-01
9.818211153344641451e-01 -1.524721728024474587e-01 1.130466010293529333e-01 1.335095883705452458e-01 9.781000362506795387e-01 1.596731314265085189e-01 -1.349165938515966001e-01 -1.416776468160029778e-01 9.806757655291393760e-01
9.818211153344581499e-01 -1.524721728025103251e-01 1.130466010293200291e-01 1.335095883706205744e-01 9.781000362506787615e-01 1.596731314264497603e-01 -1.349165938515655139e-01 -1.416776468159401392e-01 9.806757655291524767e-01
9.634649088964195585e-01 -2.335540248935419894e-01 1.311025811387423190e-01 2.170789965169098168e-01 9.676543204375118723e-01 1.285372530040569672e-01 -1.568823718472703854e-01 -9.538151600097488636e-02 9.830006550399297272e-01
9.165858280930763158e-01 -3.471059061351849939e-01 1.984638749621740750e-01 3.386240427922643792e-01 9.378219250701644860e-01 7.631378971531586897e-02 -2.126127404036551871e-01 -2.743498453223870356e-03 9.771326910068484084e-01
6.531637705960062767e-01 -5.574601505950010916e-01 5.124600172495474837e-01 6.470351072721254315e-01 7.624456669565571332e-01 4.709022883789461093e-03 -3.933480122463522966e-01 3.285038590911374401e-01 8.586981750441033956e-01
8.547031849762667388e-01 -4.483899730776332859e-01 2.615891772127912906e-01 4.688801411893833704e-01 8.830717515122495920e-01 -1.832197804037113270e-02 -2.227866216576967762e-01 1.383138233313185583e-01 9.650053924646344594e-01
9.717152091201262110e-01 -2.282705146346155067e-01 -6.051548986067264296e-02 2.246993376535898479e-01 9.725489085240002218e-01 -6.048824833646503085e-02 7.266195718990364760e-02 4.517956039210262870e-02 9.963327994701915991e-01
-1.710106658922888878e-01 4.190949639419485062e-01 -8.916920787747152355e-01 -7.431327137016876527e-01 5.393695113603353963e-01 3.960231054386584293e-01 6.469228099065927884e-01 7.303697292559503396e-01 2.192052385531619019e-01
6.137299521725834150e-01 4.587426089166727894e-01 -6.425657667278605878e-01 -4.779462077057869962e-01 8.636755043548415278e-01 1.601001115460799762e-01 6.284130555183393696e-01 2.088536376071412903e-01 7.493178162251112884e-01
9.743650865636787062e-01 2.199639443881668543e-01 -4.720742796376571626e-02 -2.124819713639595764e-01 9.687254045884042819e-01 1.281503115498275336e-01 7.391948275684935565e-02 -1.148344620496470209e-01 9.906305852308053828e-01
9.803506048634240688e-01 1.969541759218376709e-01 1.103377228641811217e-02 -1.968075659755748330e-01 9.727572743556592849e-01 1.225155792661411502e-01 1.339677269675227864e-02 -1.222797521059729720e-01 9.924052542717685110e-01
9.777851848668218659e-01 1.657984869363488267e-01 1.282458341801890889e-01 -1.778721934550286099e-01 9.800038057277353776e-01 8.918533262062931788e-02 -1.108946123598981148e-01 -1.100154647709710720e-01 9.877241428965757297e-01
8.930837295600544401e-01 1.469140121291610812e-01 4.252266748867202795e-01 -1.349380997333112508e-01 9.891351819280501667e-01 -5.833781888728808290e-02 -4.291773074563318691e-01 -5.278722598870303623e-03 9.032048349362716833e-01
9.871945592708558648e-01 1.008548665621587792e-01 1.235928721114208234e-01 -1.194376604607541581e-01 9.808925790631725095e-01 1.535721120596436062e-01 -1.057428362097522362e-01 -1.663671969756275737e-01 9.803776865885873715e-01
9.956516873661118705e-01 7.826111875154133368e-02 5.052637664400307094e-02 -8.722688747215222305e-02 9.736343193688420383e-01 2.107787518918640968e-01 -3.269843340184681174e-02 -2.142694785519595468e-01 9.762271267559289312e-01
9.985620004977404651e-01 5.303657556789091038e-02 7.813630013118586307e-03 -5.330653152049248666e-02 9.668611128984899716e-01 2.496757939047120067e-01 5.687254100639410094e-03 -2.497332777519345182e-01 9.682979629866367288e-01
9.994703408803129463e-01 1.888805949578702126e-02 -2.650054544863048381e-02 -1.045005577934091968e-02 9.574796500228957008e-01 2.883114914918278315e-01 3.081937758618718409e-02 -2.878818525029273601e-01 9.571698934696405425e-01
9.994703408803127243e-01 1.888805949587812547e-02 -2.650054544857100708e-02 -1.045005577944512452e-02 9.574796500228924812e-01 2.883114914918342153e-01 3.081937758615656969e-02 -2.878818525029315789e-01 9.571698934696400984e-01
9.977966673715333856e-01 6.386178790673913142e-02 -1.798562280312149611e-02 -5.744253083013609734e-02 9.671935376850389066e-01 2.474611410143584267e-01 3.319888904903835897e-02 -2.458827621157164134e-01 9.687308713261157944e-01
9.910005560732306762e-01 1.304331559749939695e-01 -3.008470849037438513e-02 -1.227376250666321195e-01 9.751153545048146798e-01 1.846226443369093084e-01 5.341697535007721570e-02 -1.792686175306569540e-01 9.823489143441328508e-01
9.796971937644255446e-01 1.891164420028647042e-01 -6.654607347009056095e-02 -1.799237452034408991e-01 9.758004442732677308e-01 1.242615743826741143e-01 8.843559488168138694e-02 -1.097654969481332704e-01 9.900154954533048057e-01
9.872957745425208209e-01 1.561331045422369446e-01 -2.948740810052227768e-02 -1.494820693439953829e-01 9.756042355808456357e-01 1.607839745165879630e-01 5.387174134108521639e-02 -1.543334998719227136e-01 9.865490389748309275e-01
9.850628235543803513e-01 1.796648915525690324e-02 1.712554785065447671e-01 -7.069880854132544468e-02 9.490492057484121169e-01 3.070949096601000017e-01 -1.570124584926577971e-01 -3.146153370955427353e-01 9.361432996835202802e-01
8.551074568660743669e-01 -1.836001961991569342e-01 4.848527664844924923e-01 -8.912404753692168557e-02 8.692172997893976572e-01 4.863313581268074448e-01 -5.107329452489541843e-01 -4.590776118506101899e-01 7.269110020730662480e-01
9.815900179419783100e-01 -3.675812422596497903e-02 -1.874296587524378332e-01 6.455534334649769279e-02 9.874060467230787452e-01 1.444365138741487420e-01 1.797599630676490756e-01 -1.538770262192829807e-01 9.716008524491049902e-01
9.937365261912752823e-01 6.230622829838968271e-03 1.115746201089176382e-01 -4.092469034750279705e-02 9.493712715774695887e-01 3.114793065732288091e-01 -1.039850288900186215e-01 -3.140945208731453220e-01 9.436798957931716858e-01
9.378392153849600676e-01 6.410653035759622531e-02 3.410981660045000474e-01 -2.096736336160980874e-01 8.878282293282908633e-01 4.096315448961596051e-01 -2.765765236825878381e-01 -4.556878185482938770e-01 8.460815791484603832e-01
9.722624871105890465e-01 1.037425707644094169e-02 2.336622154898905790e-01 -9.466471376318251474e-02 9.309876167993045293e-01 3.525629721546017503e-01 -2.138790502262125914e-01 -3.649033189167559810e-01 9.061464118550984770e-01
9.864191853981151281e-01 -1.298452680495253975e-01 1.005852724988412078e-01 1.096888125846759154e-01 9.765990847769688843e-01 1.849934917951191471e-01 -1.222520145939652303e-01 -1.714480503765904162e-01 9.775786469383336286e-01
9.668856813071610157e-01 -2.476986627449861145e-01 6.146097751852526436e-02 2.472528423329996006e-01 9.688367833375953753e-01 1.487680107798887257e-02 -6.323061949277335170e-02 8.122354380576316370e-04 9.979986117385901689e-01
8.661184003027069256e-01 3.625241332350702672e-01 3.441150526775034746e-01 -4.406826932515367501e-01 2.289507879414063030e-01 8.679748271520213443e-01 2.358764094301333269e-01 -9.034145169982439327e-01 3.580566016025647502e-01
7.652236179013455208e-01 -1.832050734542980119e-01 6.171456194988188537e-01 5.771820155795995833e-01 -2.293354000030429496e-01 -7.837513605710137998e-01 2.851205630912059807e-01 9.559504042397021228e-01 -6.975019094242047857e-02
9.221600374140686007e-01 -3.510306992668370540e-01 1.624755783763184025e-01 3.858276766340019703e-01 8.048480424050085125e-01 -4.509508094903855180e-01 2.752942679555489200e-02 4.785363902662591595e-01 8.776360600221750907e-01
9.365488464980554761e-01 -3.337317168760749464e-01 1.072352520121498259e-01 3.483550423718774214e-01 8.520179385434949459e-01 -3.907866385307725565e-01 3.905153745052077074e-02 4.033467163012990908e-01 9.142135439117657913e-01
9.783239127102686394e-01 -1.292275718287567154e-01 -1.618102484347467562e-01 1.113567350261826516e-01 9.870976374292355082e-01 -1.150562112444616647e-01 1.745909487447144248e-01 9.454358180683217205e-02 9.800915833510435160e-01
9.456443011338120375e-01 1.079994828452894989e-01 -3.067457700414048527e-01 -8.689702398308436770e-02 9.928631649944216209e-01 8.168012500078139504e-02 3.133779873507832603e-01 -5.058505018688853189e-02 9.482802274336222803e-01
9.749677395964004845e-01 -1.070363571983448392e-01 -1.948874674882755398e-01 1.026848323507274785e-01 9.941885428002875669e-01 -3.232594267370429014e-02 1.972149384590029253e-01 1.150476433261279213e-02 9.802927667009803114e-01
9.743898862703820329e-01 -7.951855797233355061e-02 -2.103357993114656210e-01 7.574911234134266980e-02 9.967896878705710950e-01 -2.593048658217494279e-02 2.117225106442183202e-01 9.333653780290785892e-03 9.772852507807628930e-01
9.743898862704056807e-01 -7.951855797237496193e-02 -2.103357993113392221e-01 7.574911234138799465e-02 9.967896878705677643e-01 -2.593048658216705327e-02 2.117225106440921711e-01 9.333653780283701282e-03 9.772852507807902045e-01
9.731334198821690595e-01 -5.412960856184748787e-02 -2.237885890419246404e-01 4.792400888829369959e-02 9.983033006880570603e-01 -3.307278650802701614e-02 2.251991040846056114e-01 2.145938750924532290e-02 9.740764129200641941e-01
9.731334198821443016e-01 -5.412960856192136627e-02 -2.237885890420141244e-01 4.792400888836320649e-02 9.983033006880530635e-01 -3.307278650804548054e-02 2.251991040846974823e-01 2.145938750924256122e-02 9.740764129200428778e-01
9.748552931239244934e-01 -8.946028977699131690e-02 -2.040931503536663749e-01 9.276989516130519642e-02 9.956651209415068315e-01 6.686814809388402780e-03 2.026102268396834383e-01 -2.545237697252175635e-02 9.789286350324117869e-01
9.748235201225787794e-01 -1.271588656050444133e-01 -1.831658470181128373e-01 1.440917056663242324e-01 9.861391862675227271e-01 8.226229796083643631e-02 1.701666388396791962e-01 -1.065839021882117460e-01 9.796342107237476782e-01
9.727285232162251605e-01 -1.618971261517509197e-01 -1.660979851334322965e-01 1.972889416302066878e-01 9.540687608689789601e-01 2.254548137529197582e-01 1.219684124354118993e-01 -2.520756237277513301e-01 9.599904094782668595e-01
9.742779737681248609e-01 -1.552534121662959288e-01 -1.633364865576565350e-01 1.640790592016762306e-01 9.855559104489652889e-01 4.192385610369982890e-02 1.544684180075981683e-01 -6.764558662494653263e-02 9.856792492735132472e-01
9.752405107737153189e-01 -1.698771057521278327e-01 -1.415899540472540241e-01 1.594140949905988591e-01 9.837747894722058684e-01 -8.230619610482185766e-02 1.532745656139708479e-01 5.769690234490471026e-02 9.864978332442759790e-01
9.751222028388480956e-01 -1.990446155088253510e-01 -9.755988195798839802e-02 1.768305653587116666e-01 9.638899845818245105e-01 -1.991156668315388345e-01 1.336698944625570595e-01 1.769105385775360806e-01 9.751076969517649129e-01
9.717293341740083079e-01 -2.307551205031725117e-01 -4.994172070829035193e-02 2.087060875856531772e-01 9.384482770281130648e-01 -2.752391693557728614e-01 1.103805694423987682e-01 2.570348336403697753e-01 9.600777177838466514e-01
9.780396306855134725e-01 -9.683011598040704160e-02 -1.845600429339076809e-01 8.027896437426659815e-02 9.922206523865668704e-01 -9.514969709132511944e-02 1.923376424092282100e-01 7.824388549143386495e-02 9.782045418498442890e-01
8.865754859885878192e-01 2.937431100456998623e-01 -3.573498187277827087e-01 -2.131990593026438785e-01 9.450392220980984304e-01 2.478851141329154739e-01 4.105241390668361579e-01 -1.435822203369925554e-01 9.004743623482748260e-01
8.182995231552138149e-01 4.257696609459403758e-01 -3.861425724029002859e-01 -3.052718984655701795e-01 8.911416386674611001e-01 3.356719348415938553e-01 4.870266506169624865e-01 -1.568017080616518344e-01 8.591962906913483966e-01
9.550186783862998352e-01 1.356120298876838104e-01 -2.637208776017312406e-01 -7.992189936427637753e-02 9.741074602768435842e-01 2.114879330718528183e-01 2.855727822032274599e-01 -1.808978528969867883e-01 9.411291903250947888e-01
8.411895558527406891e-01 3.455499927360777268e-01 -4.159270773156822365e-01 -2.476870514538696555e-01 9.299684911443127922e-01 2.716794619047571691e-01 4.806779126050592654e-01 -1.255141744938272630e-01 8.678680408534330537e-01
8.885558148636233389e-01 2.928023518400694192e-01 -3.531789158896189718e-01 -2.091642945731927716e-01 9.437314185646451525e-01 2.561665620053906189e-01 4.083122111175968016e-01 -1.537458694433355977e-01 8.998018370071112493e-01
9.913122173652907376e-01 1.275164888293673082e-01 -3.224333696968428864e-02 -1.182357575343366274e-01 9.713231678220936027e-01 2.062804142237817107e-01 5.762285434263291622e-02 -2.006759794511621120e-01 9.779615319268567530e-01
9.139310155452211593e-01 9.559616630323411468e-03 4.057569624225344507e-01 -6.569485125092741629e-02 9.900239179140810641e-01 1.246468149499685568e-01 -4.005175218933615389e-01 -1.405747334620785494e-01 9.054415823058198365e-01
9.477019478941822728e-01 6.101080498877098357e-02 -3.132709683839134396e-01 3.374813093567973626e-02 9.568987547218421597e-01 2.884542197128276420e-01 3.173674236841596552e-01 -2.839409355595106654e-01 9.047958131521549596e-01
6.740271829566403250e-01 6.026866528363371972e-02 -7.362438757779010690e-01 2.692738357413914096e-01 9.080452937271501490e-01 3.208509715196332102e-01 6.878800462440045616e-01 -4.145134889541034484e-01 5.958184366520078434e-01
6.537417440439209360e-01 6.060955323917059656e-02 -7.542865597043082460e-01 2.878545330373116773e-01 9.019329695616241649e-01 3.219575845163795136e-01 6.998296220540283219e-01 -4.276019182299101162e-01 5.721844978866671427e-01
-1.176175881386610778e-01 9.784623892644745968e-01 1.696391928632664525e-01 5.994964590949749539e-01 2.061458178361197935e-01 -7.733743578120911843e-01 -7.916881320905545527e-01 1.073566875111375829e-02 -6.108311116204178104e-01
6.034453106649785292e-01 4.644767172071335160e-01 6.481628932675276289e-01 -5.780920708176519318e-02 8.361844998494596393e-01 -5.453930488996785453e-01 -7.953061376683981942e-01 2.916450949081676458e-01 5.314426460145825759e-01
6.973789139225756717e-01 3.619599616578634271e-01 6.185851894224490000e-01 -5.777764308572751889e-02 8.886826347253538039e-01 -4.548680233837746889e-01 -7.143699282414032181e-01 2.814749738329178075e-01 6.406617241026115739e-01
9.742940453446441440e-01 -2.247211705795167935e-01 -1.585902580047992075e-02 2.223861401592040210e-01 9.706396078897765456e-01 -9.166873109557015231e-02 3.599330314182706825e-02 8.578547131625938182e-02 9.956632638799061130e-01
9.662965098973604894e-01 -9.959602924119083378e-02 2.373851004582391289e-01 1.311235723165982969e-01 9.839634956345243433e-01 -1.209233147148280757e-01 -2.215347912701620958e-01 1.479745593609773369e-01 9.638598788407007900e-01
8.270744944181126490e-01 2.582354619102518803e-02 5.614988202526728367e-01 4.648479745058729795e-02 9.923798954455461674e-01 -1.141109404109218461e-01 -5.601668896757477922e-01 1.204794072761277701e-01 8.195716979821787707e-01
9.933257909793219431e-01 -4.879770107371084187e-02 1.045115177634758641e-01 6.891389984592007079e-02 9.776748544799190865e-01 -1.985012678188624313e-01 -9.249187739110434348e-02 2.043787251344669764e-01 9.745124880313638105e-01
9.988484038163398804e-01 -4.635311851575263375e-02 1.237960408957617699e-02 4.794207474435972782e-02 9.742580541453467191e-01 -2.202789172892597458e-01 -1.850314231769516595e-03 2.206187488333367086e-01 9.753583669608093532e-01
9.988484038163435441e-01 -4.635311851569279273e-02 1.237960408951497768e-02 4.794207474428725801e-02 9.742580541454158860e-01 -2.202789172889705882e-01 -1.850314231737404478e-03 2.206187488330447755e-01 9.753583669608756335e-01
9.988484038163446543e-01 -4.635311851568118396e-02 1.237960408946107808e-02 4.794207474426429028e-02 9.742580541453864651e-01 -2.202789172891060077e-01 -1.850314231680883067e-03 2.206187488331774194e-01 9.753583669608457685e-01
9.972118597501493653e-01 -6.598182471851085640e-02 3.485549569958909522e-02 7.185128083272093735e-02 9.751075236325189577e-01 -2.097682311456005588e-01 -2.014696543764922174e-02 2.116877799072784394e-01 9.771296657156520737e-01
9.972118597501454795e-01 -6.598182471855337794e-02 3.485549569962033412e-02 7.185128083276925981e-02 9.751075236325144058e-01 -2.097682311456046389e-01 -2.014696543767023271e-02 2.116877799072855726e-01 9.771296657156499643e-01
9.945554908499212310e-01 -9.376467594040639730e-02 4.547044277399019119e-02 1.009867503775590952e-01 9.748740273554966640e-01 -1.985505150732563562e-01 -2.571092896907287498e-02 2.020614172311611945e-01 9.790353067168121592e-01
9.911293514457470977e-01 -1.235302987534635105e-01 4.901911864377742761e-02 1.306244907505396957e-01 9.734413780152674223e-01 -1.880136324416386007e-01 -2.449185821645308292e-02 1.927489269947240402e-01 9.809424040296595981e-01
9.762056663528573264e-01 -2.135826150876665719e-01 3.748284291362750237e-02 2.168419204134041378e-01 9.626392469669950991e-01 -1.621889692619197243e-01 -1.441711483222715782e-03 1.664576424533603660e-01 9.860475519653547627e-01
8.994196883606589976e-01 -4.341298491662685111e-01 -5.074936701169806275e-02 4.250425299013866898e-01 8.957896030519190145e-01 -1.299993647642724570e-01 1.018973599473694397e-01 9.535334879781943995e-02 9.902144550090135056e-01
5.150923620941469938e-01 -7.984181043838443070e-01 -3.117825991045375389e-01 7.681460430992570476e-01 5.913859575837592253e-01 -2.453860339214403996e-01 3.803045029752162853e-01 -1.130980979718433782e-01 9.179200974223873377e-01
-6.672801247845908668e-01 -7.205067080056788420e-01 -1.886990163892773298e-01 4.847731769002491808e-01 -2.278007271129887101e-01 -8.444535485654812712e-01 5.654486732016453798e-01 -6.549632909145469695e-01 5.012892234318289120e-01
9.762066764144058384e-01 4.265239033060757440e-02 -2.126059701020301673e-01 -2.475232158215710451e-02 9.959741229929930384e-01 8.615607294109890735e-02 2.154248070678799754e-01 -7.884364227649537371e-02 9.733323340834532100e-01
9.395892415001003695e-01 -1.496934957065139959e-01 -3.078374808245911698e-01 1.784993043572290217e-01 9.816232539850018313e-01 6.748174256702405005e-02 2.920788516843558225e-01 -1.183538954959266060e-01 9.490428335010425709e-01
8.719391430793237419e-01 4.859338226520128479e-01 -5.992037023330817197e-02 -4.895877855388616751e-01 8.666107919178793750e-01 -9.638223686250248223e-02 5.092250705552144041e-03 1.133757263891528172e-01 9.935391354388029006e-01
8.589714130704905193e-01 5.088736277406478159e-01 -5.670751729495480259e-02 -5.119510409466324630e-01 8.517024636957484240e-01 -1.118438420667504235e-01 -8.616449462777139509e-03 1.251021355719605654e-01 9.921064521884688236e-01
7.637270814540616515e-01 -5.359294096369269234e-01 -3.598619359419333308e-01 6.347403192324512222e-01 5.219034967292817129e-01 5.698433707980067320e-01 -1.175826185894282561e-01 -6.636236945648968932e-01 7.387678389167260384e-01
8.684662657005468578e-01 -4.064559742035553369e-01 -2.838307354293868046e-01 4.951462272812744980e-01 7.393841549107941225e-01 4.562250377565565951e-01 2.442455627577140923e-02 -5.367537726938579334e-01 8.433853381163572971e-01
7.847193563770500369e-01 -4.955679366236819261e-01 -3.723277479825199410e-01 6.075785464319559681e-01 4.960200887588352425e-01 6.203324765505258132e-01 -1.227348428231358757e-01 -7.130052536540132380e-01 6.903330113930207235e-01
9.061389330057237901e-01 -3.974150323868916312e-01 -1.448223951057796555e-01 4.229635884445144822e-01 8.543707279386255626e-01 3.019146602796272116e-01 3.746590635234726095e-03 -3.348312280456368639e-01 9.422706680057821860e-01
9.672762605649961598e-01 -2.487023120043331537e-01 5.023739395208553365e-02 2.471367728132997377e-01 9.683344262441140327e-01 3.538155556091036880e-02 -5.744607271890048855e-02 -2.180823134006122307e-02 9.981103895737148957e-01
9.549335363567315049e-01 -2.966950709409344467e-01 -8.600931378705189631e-03 2.962111505309009685e-01 9.507208878186642620e-01 9.159010736128023189e-02 -1.899724828461289358e-02 -9.001015689712377199e-02 9.957596478131497397e-01
9.667563705735083834e-01 -6.292806870899493588e-02 2.478349816391813287e-01 8.583081835953941530e-02 9.928707776393527196e-01 -8.270846105180880425e-02 -2.408634272264452980e-01 1.012308109143792711e-01 9.652653170741960498e-01
9.758647093220688129e-01 -1.494717742075649392e-01 1.592050809961698399e-01 1.583728594776290521e-01 9.863670493802301209e-01 -4.469990243633471111e-02 -1.503532722644685959e-01 6.883482121848956414e-02 9.862330662207515752e-01
9.514826613877176431e-01 -3.054917899433282624e-01 -3.681726980327817977e-02 3.037812463514488748e-01 9.516501328180935193e-01 -4.559582297168428278e-02 4.896630927184819626e-02 3.219923888116398708e-02 9.982812777828539152e-01
8.950065490283548586e-01 -4.101663580713239554e-01 -1.752907182450390289e-01 3.969808386200863182e-01 9.116533203954101383e-01 -1.062752896044840273e-01 2.033949138126325551e-01 2.553002386466540763e-02 9.787638769982377474e-01
8.115548797869930331e-01 -5.134275372739937060e-01 -2.788742387935488343e-01 4.684776300062875598e-01 8.570316922395464498e-01 -2.145352853977902929e-01 3.491523840354113783e-01 4.346081529126267357e-02 9.360575678111937581e-01
9.597941123555958631e-01 -2.599600287908024332e-01 -1.059058323163517973e-01 2.671406255885652170e-01 9.617744412104588525e-01 6.021470247755243699e-02 8.620410690729385372e-02 -8.608546721366661103e-02 9.925513308070876839e-01
9.522643954201663874e-01 -2.824342238182627751e-01 -1.158595288754468849e-01 2.885256629206398582e-01 9.566635335311467481e-01 3.934241283787783677e-02 9.972694245423545378e-02 -7.089282634989367560e-02 9.924861430371981763e-01
9.597876679660438670e-01 -2.572531159942621493e-01 -1.123764509652533244e-01 2.649161274212197270e-01 9.624418746895441190e-01 5.937241174333298538e-02 9.288206421288937309e-02 -8.675524281170876595e-02 9.918903417173867698e-01
7.084633507776356698e-01 -7.056190529274647405e-01 1.346969749743792688e-02 6.876758043539172860e-01 6.859048462175498795e-01 -2.379843062923942265e-01 1.586873300270617293e-01 1.778659441293553578e-01 9.711755954552478975e-01
-6.414044280611065352e-01 5.745885275193510777e-01 5.083781896450210169e-01 -3.347505309142798646e-01 -8.058338238193082370e-01 4.884403038666648711e-01 6.903205354878360067e-01 1.431079048546800847e-01 7.092091975234751100e-01
8.071696516478853445e-01 5.715413038803616175e-01 1.477081291512694627e-01 -5.895248383098773415e-01 7.674622415483585147e-01 2.519169958801548703e-01 3.062055640161962661e-02 -2.904173647637228184e-01 9.564100249209803728e-01
9.765343535612686088e-01 9.083052336890287681e-02 1.952702546196070366e-01 -7.885190345365331033e-02 9.945450896597605173e-01 -6.828207638461637752e-02 -2.004071696232715138e-01 5.128236205743684495e-02 9.783696058777576754e-01
9.703158599157937214e-01 1.508974801960086543e-01 1.889896358702480850e-01 -1.520180991796288295e-01 9.883399655383656723e-01 -8.637710427804989183e-03 -1.880894189413277739e-01 -2.034853778818597816e-02 9.819410916608983797e-01
9.034975857240216124e-01 3.434856590675254284e-01 2.563390618025511158e-01 -4.139794755540453508e-01 8.542461190058699971e-01 3.144591578940048593e-01 -1.109644375953938444e-01 -3.902322003350782720e-01 9.140053191370286489e-01
9.630619003496139197e-01 2.353382144502609019e-01 1.308728425394420913e-01 -2.398252550667352989e-01 9.706217197178278466e-01 1.942483575688798425e-02 -1.224566173269779762e-01 -5.009393208133788161e-02 9.912088452195452204e-01
9.704912012662857412e-01 2.188541242212079796e-01 1.012408048964943269e-01 -2.168088397350336760e-01 9.757243299891470434e-01 -3.091858470206332657e-02 -1.055497763023230950e-01 8.056312965509012519e-03 9.943813858595358379e-01
9.585910027154345148e-01 2.338654436093793032e-01 1.625122881458696267e-01 -2.425836766073423689e-01 9.694708797726542260e-01 3.576832560381219828e-02 -1.491859556281430188e-01 -7.371002345830741931e-02 9.860580018868532193e-01
8.549609413230034871e-01 2.059341260911398130e-01 4.760597909119844706e-01 -3.523443381416491160e-01 9.041287273497092825e-01 2.416706679771428168e-01 -3.806510950878863042e-01 -3.743559537286321182e-01 8.455544711704382488e-01
9.290460354689126232e-01 2.314380709568760464e-01 2.886345150727058773e-01 -2.900391987248296388e-01 9.399590960019374997e-01 1.798726245048960504e-01 -2.296752646293345745e-01 -2.508252721616795466e-01 9.403913842982956073e-01
-1.838036040179217845e-01 -4.791710400095139377e-01 -8.582606536281527365e-01 -1.375908474464576092e-01 8.770820159908386815e-01 -4.602128810935346426e-01 9.732856691891589307e-01 3.350002450218517863e-02 -2.271403850251300649e-01
3.293165305205026372e-01 -3.693323887635844849e-01 -8.689903390349765777e-01 -6.602342173851888374e-02 9.090668278159967919e-01 -4.113859627484860448e-01 9.419084512349789051e-01 1.928499135979729051e-01 2.749861456826104278e-01
9.051629990137202153e-01 -1.587066109587675911e-01 3.943249381594707836e-01 1.709452121789894197e-01 9.852718021725693776e-01 4.148527051599636833e-03 -3.891756411307989438e-01 6.365286703362214860e-02 9.189617145827304601e-01
9.846283664219394050e-01 -1.160172004189073264e-01 -1.305641192832935060e-01 7.820527996179089947e-02 9.612442209353582179e-01 -2.643737541899233157e-01 1.561759079479319301e-01 2.500990942113449078e-01 9.555414846312555444e-01
9.900108121898648639e-01 -1.381505673106872001e-01 -2.816047760425843122e-02 1.298359929618876918e-01 9.711752202554377877e-01 -1.999032428286322272e-01 5.496550444383534184e-02 1.942501282201319623e-01 9.794108846687875625e-01
9.422182592894853270e-01 -2.963831831786251439e-02 -3.336859630682438294e-01 -1.254337291264061294e-01 8.924066083068352695e-01 -4.334476035782577341e-01 3.106302165902982138e-01 4.502577212414909380e-01 8.371241562656547286e-01
1.551136547969790558e-01 -9.376719871077325852e-01 -3.109839203061150470e-01 -2.980054270477991984e-01 -3.445420232999542587e-01 8.902154568588621641e-01 -9.418771255028877132e-01 -4.540967709431820154e-02 -3.328745134139999284e-01
9.248515325093528139e-01 -1.512554051096866303e-01 3.489576553683937377e-01 3.868954797786061661e-02 9.501732814544773253e-01 3.093119042120747730e-01 -3.783553378668932377e-01 -2.725665746843058956e-01 8.846212187555156925e-01
1.366196827243324197e-01 3.369437690440107991e-01 -9.315599598494553879e-01 -9.887867523488874655e-01 1.036220540324785805e-01 -1.075324522989705156e-01 6.029776672185341996e-02 9.358051968334578641e-01 3.473223472623819807e-01
9.070399887514375425e-01 2.869652367417984129e-01 -3.081061695382225629e-01 -3.958274378932291615e-01 8.306146939788888739e-01 -3.916629540271060472e-01 1.435238593986177535e-01 4.772108371025124973e-01 8.669894571073197831e-01
8.557894884711506611e-01 3.543610673733868510e-01 -3.768986406877585238e-01 -4.971601378230754431e-01 7.647807480210170317e-01 -4.098075216685929667e-01 1.430249935571636100e-01 5.380879494900510096e-01 8.306655222359753399e-01
9.666257396762163445e-01 1.044438677015929046e-01 -2.339362261278487287e-01 -1.667345616574957001e-01 9.497451793819143839e-01 -2.649220266223596965e-01 1.945103219479381584e-01 2.950857040595964986e-01 9.354625390230022486e-01
