6.053380283608928991e-01 -2.059110817186172171e-01 -7.688735252599193659e-01 -7.959669884008483409e-01 -1.547063720191977909e-01 -5.852371244484935175e-01 1.557175722509159975e-03 9.662642313995312149e-01 -2.575480738068967046e-01
-3.015080282986438709e-01 -8.961676207735794764e-01 3.255403267622710151e-01 -1.056582657868136155e-01 3.707302291016086326e-01 9.227109125295919201e-01 -9.475912830658519415e-01 2.438087215570657607e-01 -2.064656570723617246e-01
-6.423665998630903040e-01 5.135144233270134695e-01 -5.689183495155145653e-01 -6.890892049475935144e-01 -6.208585127495665212e-02 7.220120599381688598e-01 3.354418265586836534e-01 8.558319251503702096e-01 3.937391228826329637e-01
-5.503362958194976118e-01 -1.628462892477322288e-01 8.189084488402341711e-01 8.348402957466634078e-01 -1.227135293305398195e-01 5.366405410671714060e-01 1.310122518309885312e-02 9.789905391767007581e-01 2.034843534555301758e-01
-1.843207747634663662e-01 8.051401961656822204e-01 5.637154570427198585e-01 -1.526304428162691129e-01 -5.900322502714556716e-01 7.928214752170327229e-01 9.709427377123251990e-01 6.009332873031195121e-02 2.316441061754121455e-01
3.936652795391639703e-01 -3.512033210690847923e-02 9.185827180815304693e-01 6.111238126499410894e-01 -7.364735648758840014e-01 -2.900592592061260744e-01 6.866988665328870312e-01 6.755540322666334641e-01 -2.684612005313634087e-01
6.527411295003683334e-01 1.093232639210327678e-01 7.496515469364657402e-01 -3.376924245655159584e-01 -8.438003958916868719e-01 4.170907794282871506e-01 6.781539974442730712e-01 -5.254039549324737157e-01 -5.138655854322881078e-01
8.538991310565171577e-01 -4.547062295877141169e-01 2.531768527236454847e-01 -2.585919459751342409e-01 -7.928607684936590516e-01 -5.518170052294851802e-01 4.516486238855587643e-01 4.057265662459995093e-01 -7.946064900216408544e-01
6.892965109486084430e-01 -6.703976643604013796e-01 2.746584999853339815e-01 -7.163738511671233766e-01 -5.741539705345500844e-01 3.964287117293543439e-01 -1.080686141211188167e-01 -4.700150952251744840e-01 -8.760176852680606752e-01
4.941278671914219878e-01 -7.293936188026839407e-01 -4.730989322697544686e-01 -8.674107855847625892e-01 -4.503074156062316091e-01 -2.117115029970315088e-01 -5.861893820330051075e-02 5.149836699352334790e-01 -8.551933347401372565e-01
1.170761712844038405e-01 -9.815860195255310394e-01 -1.509372597783917302e-01 -7.319073024111919512e-01 -1.880078406492180498e-01 6.549540079513906932e-01 -6.712710859217442261e-01 3.379257501941664715e-02 -7.404412137901292823e-01
-2.007684864256600865e-01 -5.878298680379638874e-01 -7.836759924234120156e-01 -9.305155234580740897e-01 -1.357096939987738060e-01 3.401819212690556649e-01 -3.063215230144565315e-01 7.975204857539581749e-01 -5.197385875042130898e-01
-5.251215451896316111e-01 -8.194268488137446127e-01 -2.297542213340821038e-01 -4.066208399392735595e-01 4.423891573085542671e-03 9.135862968053041211e-01 -7.476007325469482545e-01 5.731667023009331396e-01 -3.355191143120468955e-01
-7.466545005967373250e-01 -1.797183954420447927e-01 -6.404751010604344819e-01 -6.420992932222566729e-01 -5.687962372862495619e-02 7.645084734965132967e-01 -1.738262189145110548e-01 9.820723021978711165e-01 -7.292762764314808521e-02
-9.021765327335371509e-01 -4.313572664649991117e-01 2.900422854824343845e-03 2.774662247379030069e-02 -5.131910498167855522e-02 9.982967867348752078e-01 -4.304737259417697470e-01 9.007204106334684157e-01 5.826759941928979364e-02
-9.473519795121263520e-01 2.348098089202101391e-01 -2.176891833539512378e-01 -2.631115068778906441e-01 -1.834299057996981175e-01 9.471672527102908967e-01 1.824734552281554456e-01 9.545773008474319754e-01 2.355538470157729214e-01
-9.175927955431385508e-01 -6.635228055989161877e-02 3.919449405615915705e-01 3.952979175454597316e-01 -2.564465472968276982e-01 8.820287550662728737e-01 4.198830731943127559e-02 9.642782499071715918e-01 2.615424225711991402e-01
-8.152161719580940380e-01 5.123891632376472716e-01 2.699628462855862554e-01 4.022800699419985804e-02 -4.149083514545429674e-01 9.089734690003599127e-01 5.777579946926445498e-01 7.518699390784935321e-01 3.176276031437398895e-01
-6.522668879303888945e-01 1.657500731367166635e-01 7.396450636384851451e-01 5.815152433879625660e-01 -5.164826000286921737e-01 6.285584663140261208e-01 4.861974173286445766e-01 8.401027539073868677e-01 2.404983040692406926e-01
7.013912012889768066e-01 5.954803785889644097e-01 3.917314149643220667e-01 -5.591444979607413934e-01 1.188272275796045802e-01 8.205105242384007624e-01 4.420495596136662653e-01 -7.945333276214967544e-01 4.163039492294962618e-01
7.010575844590762884e-01 6.195843344865004099e-01 3.530347231241228734e-01 -3.693899793248132668e-01 -1.079459369649510558e-01 9.229835956652605589e-01 6.099748408310130543e-01 -7.774721391482010135e-01 1.531919266851260453e-01
6.255041302508508316e-01 1.478048909000933830e-01 -7.660928777016127178e-01 -5.893550535844686022e-01 7.329409474224999332e-01 -3.397913895404892082e-01 5.112780103364261697e-01 6.640416265697656195e-01 5.455671492392164534e-01
-6.916663011413888285e-01 -3.080589659225972943e-01 6.532207906826679178e-01 -7.168252722792578524e-01 1.825100063552337337e-01 -6.729425135938293945e-01 8.808664420420396490e-02 -9.336968303978082639e-01 -3.470604731425479539e-01
-1.769130009077753696e-01 -2.082351529759023934e-01 9.619458982577491213e-01 -9.165287159124204663e-01 3.910692614454980842e-01 -8.390438403565349257e-02 -3.587156297371709712e-01 -8.964948152764605771e-01 -2.600387339699407052e-01
9.347607589616608870e-01 -3.182498652516624338e-01 1.579219641871222601e-01 2.193936717477177334e-01 1.674552077837341557e-01 -9.611582440905146463e-01 2.794436263407606980e-01 9.331000893009310238e-01 2.263525635907847056e-01
6.473555997881489388e-01 -6.369334365449909052e-01 4.186245631038801873e-01 7.364312733203923766e-01 6.642676595252853256e-01 -1.281306215723056474e-01 -1.964680816281153541e-01 3.912342954289515506e-01 8.990750908470215297e-01
-1.210972643262983317e-01 3.592481056406756634e-01 -9.253519606972651079e-01 7.545797132456056877e-01 -5.723607641814865143e-01 -3.209557788602112050e-01 -6.449379109114820041e-01 -7.371186839438890193e-01 -2.017700097882803023e-01
1.743139507950787204e-01 2.028267178983019781e-01 -9.635745788805419876e-01 9.301312100642311620e-01 -3.551214662038030268e-01 9.351297399671654187e-02 -3.232190876521066625e-01 -9.125514049892555768e-01 -2.505580863382299017e-01
1.487420087163062454e-01 -5.226088733010558762e-02 -9.874941085892655623e-01 9.872832776670730226e-01 -4.880663291379133684e-02 1.512932325736333905e-01 -5.610298104378593637e-02 -9.974400795231201933e-01 4.433670351877958687e-02
4.624518085013544222e-01 -4.192023662396527905e-01 -7.812859277837420624e-01 8.803925096473711465e-01 1.126462472384892333e-01 4.606732594148368332e-01 -1.051063926249532349e-01 -9.008774606583080935e-01 4.211560840201743483e-01
-8.863318877369213977e-01 4.420709496639085301e-01 -1.378007991412081579e-01 -2.499983604903809609e-01 -7.073390349080895811e-01 -6.611900705904575348e-01 -3.897648066883758755e-01 -5.515838695597822250e-01 7.374541547165019972e-01
2.280349648328193757e-01 9.632076282751348417e-01 1.422361404365473092e-01 -4.915833730387275669e-01 2.399950559419471996e-01 -8.371070185318536527e-01 -8.404438364135715656e-01 1.209687478484094414e-01 5.282241189858960517e-01
-9.181640417012160160e-01 9.050058398265774240e-03 -3.960970701354353807e-01 3.361984532329211905e-01 5.467633824783235674e-01 -7.668248845888182563e-01 2.096315638702320183e-01 -8.372382576207628713e-01 -5.050610927456896659e-01
2.823347696148437724e-01 -6.857865112527212759e-01 -6.708084218689823741e-01 9.189960527193352657e-01 3.939441146010413397e-01 -1.594646222467264660e-02 2.751968985159796710e-01 -6.119680510901066572e-01 7.414592176864233108e-01
7.866693317775842464e-01 -3.476655662816114933e-01 -5.101764562018671345e-01 6.014610657983846531e-01 6.179965823917660250e-01 5.062853054165884492e-01 1.392693389417795913e-01 -7.051303979932957988e-01 6.952662605480983693e-01
3.048058442461675233e-01 8.713229696311726169e-01 -3.845642727899929447e-01 -3.985980566262050107e-01 4.834197072969513842e-01 7.793747339058040291e-01 8.649930557913133589e-01 -8.427140197033000657e-02 4.946567943966416192e-01
7.442092286479249363e-01 6.677105475066494877e-01 -1.775524552438910095e-02 -4.735974120403375065e-01 5.462286406183033405e-01 6.908977952468624562e-01 4.710181687620505486e-01 -5.057636769447280134e-01 7.227343825911380915e-01
-4.092676577766560242e-01 9.123405077031633281e-01 -1.160957802612189692e-02 7.711182674337871967e-01 3.390590878495272076e-01 -5.389021734754474435e-01 -4.877259496150730400e-01 -2.295075880021860137e-01 -8.422883503417901707e-01
1.338835835011966680e-01 5.987471026946467045e-01 7.896689769033884421e-01 6.664917047581730980e-01 5.353046572973851891e-01 -5.188812304991130553e-01 -7.333921144636221801e-01 5.957775011617132410e-01 -3.273914714101179291e-01
-8.352695819780203701e-01 4.929498134984833246e-01 -2.435676636872673995e-01 3.042741177551347431e-01 7.833688835296918063e-01 5.419875031601547599e-01 4.579759673679368870e-01 3.785943392197709811e-01 -8.043160694802433675e-01
1.802052485832506545e-01 -8.169458030276297578e-01 5.478372233598134411e-01 4.868491405283797424e-01 5.580281635275889940e-01 6.719988713359603683e-01 -8.546952572407471305e-01 1.456163576854185293e-01 4.982889659872123400e-01
2.652639652466256548e-01 -8.021652635514588958e-01 5.349447809756212591e-01 5.834421212298862569e-01 5.752567485574286987e-01 5.733018091842253527e-01 -7.676133922205941040e-01 1.600330065660015011e-01 6.206118891006185967e-01
1.863654536149524643e-01 -6.930207109260423486e-04 -9.824802478529466310e-01 -4.694325517837071859e-01 -8.785293704287365779e-01 -8.842637966085049872e-02 -8.630764722924211263e-01 4.776878321837204067e-01 -1.640528511147789914e-01
6.690282681259286379e-01 5.486021119514353922e-02 -7.412095072758070335e-01 4.266105560249423556e-01 7.882834232823318077e-01 4.434102818681336933e-01 6.086087494741675430e-01 -6.128618129773729661e-01 5.039799482693507748e-01
7.010918335076627983e-01 -7.127006071456681857e-01 2.298011233784588367e-02 -4.312544120866239339e-02 -7.454690732039151446e-02 -9.962845752743157979e-01 7.117657179925305222e-01 6.974959520908786681e-01 -8.299975606841761278e-02
-2.664344691621759950e-02 8.530363540159188185e-01 5.211708985195271371e-01 -9.455180627203675359e-01 -1.907332569975564440e-01 2.638492329809345449e-01 3.244776106389257175e-01 -4.857466452816041613e-01 8.116430722871487147e-01
-9.450256354420500937e-01 -3.269009368348435030e-01 -7.894672498023700552e-03 1.870652508996322461e-01 -5.206625092484417072e-01 -8.330168926072112345e-01 2.682035426000319855e-01 -7.886991371617050328e-01 5.531912244216958818e-01
-5.083243650080747633e-01 -8.609460764666641008e-01 1.944719403397263818e-02 5.862402871937950621e-01 -3.624965239486768187e-01 -7.245126608942480395e-01 6.308158729851955915e-01 -3.568867096737896594e-01 6.889870904800337037e-01
-6.084028844059207186e-01 -7.731498264437934864e-01 1.791236336067588697e-01 3.737886143666458438e-01 -4.782567527984670219e-01 -7.947028061939438448e-01 7.000914240414740641e-01 -4.165451047276856889e-01 5.799673902134351300e-01
3.249375554159555923e-01 -8.266408052869915757e-01 -4.594350488532378263e-01 3.262355895189649746e-01 5.539516345405465225e-01 -7.659686199323509914e-01 8.876857130829112208e-01 9.900790687784080668e-02 4.496793403795115163e-01
-8.469400159158496644e-01 5.307512212838663146e-01 -3.155551530469544869e-02 1.988107112960435796e-01 2.610879892009183578e-01 -9.446202215541349423e-01 -4.931195702001916481e-01 -8.063102399205319681e-01 -3.266448935539521536e-01
1.018821973181830709e-01 2.747368607601107238e-01 -9.561065187568268398e-01 8.944066705302777809e-01 3.954501315912472004e-01 2.089399462415184039e-01 4.354959535754173716e-01 -8.764353089442171729e-01 -2.054371525681101540e-01
2.037475137070515752e-01 7.456717385387431341e-01 -6.343978318080883971e-01 5.756706277209459044e-01 -6.153807601825146412e-01 -5.384327705262401675e-01 -7.918903200807337894e-01 -2.554998597686483630e-01 -5.546436176687100650e-01
1.160601291911029093e-01 9.751409043098923091e-01 -1.887598028019482344e-01 3.874789499442566898e-01 -2.194378207114657253e-01 -8.953809838228077300e-01 -9.145436620316393928e-01 3.077758247634773334e-02 -4.033145554708764124e-01
3.976646036292127984e-01 9.169377084428559366e-01 -3.298638895037429852e-02 2.287362494320576978e-01 -1.338880688311744338e-01 -9.642373738973275543e-01 -8.885620919306520538e-01 3.758978902045380655e-01 -2.629794382144741149e-01
4.266595607547520874e-01 9.043983604669088017e-01 -5.022429823246725260e-03 -1.496421117037755912e-02 1.506816095109415584e-03 -9.998868945482304316e-01 -9.042885002036742392e-01 4.266864599328447638e-01 1.417650554144764957e-02
6.099454870631968451e-01 -2.463247113620338144e-02 7.920604422498094266e-01 -4.814310784942596455e-02 9.965186562615944155e-01 6.806474042545709868e-02 -7.909796103426675051e-01 -7.964803254513207198e-02 6.066361734465325339e-01
-9.467513871399251268e-01 -2.428219243509121272e-01 -2.114221464349174406e-01 2.302397000872466182e-01 -9.696212181052685786e-01 8.260976881573847685e-02 -2.250588621946773005e-01 2.953314163063149381e-02 9.738974802786294349e-01
6.163672615870655624e-01 -2.361564338714492242e-02 -7.871046310568076132e-01 1.456385770233330490e-01 9.857250541695811163e-01 8.447202178825337360e-02 7.738738939428574382e-01 -1.666985871859376633e-01 6.110080010146607954e-01
6.520786802513433011e-01 -1.546355639388571901e-01 -7.422137408637609068e-01 7.157186158526317454e-01 4.484782798488965994e-01 5.353635170851370750e-01 2.500805024060440696e-01 -8.803153269534084169e-01 4.031186766291711132e-01
8.070102888443752009e-01 2.165860831662085595e-01 5.493858955943794475e-01 4.717801894954984365e-01 -7.960095201587428226e-01 -3.791995472257843613e-01 3.551870584620310800e-01 5.652073180660068807e-01 -7.445688961444208998e-01
5.410699831248853009e-01 8.409722291869984323e-01 -2.997181590600965072e-03 -8.398944783469771691e-01 5.405505284536884503e-01 4.880974729188242850e-02 4.266777007877937261e-02 -2.389217287499967313e-02 9.988035970458934987e-01
1.287920256336792801e-01 -9.452490776429562924e-01 -2.998612935147090264e-01 -6.442393135895522205e-01 1.501262050176461749e-01 -7.499452175943670529e-01 7.539020632408671707e-01 2.897693975942603473e-01 -5.896315589069356378e-01
-4.436908886398807650e-01 -8.297907493140423973e-01 3.385051073333952276e-01 -8.238501500132892064e-01 5.263276281944876400e-01 2.103572155221841433e-01 -3.527170617662749863e-01 -1.855439035700333361e-01 -9.171500063713461381e-01
-7.541117546728244581e-02 2.649112250158165982e-01 -9.613195085273480434e-01 -6.761247084928675433e-01 6.950135106609186542e-01 2.445640990910565027e-01 7.329178215735223656e-01 6.684147386611135611e-01 1.267012389857249122e-01
-8.035707870028840905e-01 3.792598247073492579e-01 4.587330112805445559e-01 5.435974732835344714e-01 7.815472004434707021e-01 3.060812972377288665e-01 -2.424371615807336955e-01 4.953240947520364812e-01 -8.341931813691318975e-01
-6.615718723927858091e-01 5.722830712509030526e-02 7.476948431828989161e-01 4.068623877589329085e-01 8.649552994836494646e-01 2.937947026790146410e-01 -6.299092435310053029e-01 4.985752207628725285e-01 -5.955141426997765386e-01
8.400214731602242413e-01 -4.387165902543804230e-01 3.192047588387381674e-01 5.385238844417817861e-01 6.026402298313211503e-01 -5.889115207521307127e-01 6.599962511606788373e-02 6.665977098853723692e-01 7.424900960013648410e-01
-3.649928540313370218e-01 -8.651445097971948162e-01 3.439552204485791798e-01 7.269048578965675578e-01 -3.397954755129362070e-02 6.858970169891253077e-01 -5.817125957656668067e-01 5.003702304453981897e-01 6.412800389935656709e-01
6.150858938677605803e-01 -6.727053577897870729e-02 7.855851438137735343e-01 -9.975384553267921395e-02 9.817079665070095329e-01 1.621685505827651641e-01 -7.821243593357392054e-01 -1.781127269812059488e-01 5.971242274610686351e-01
7.925895811255769668e-03 2.904642944229547941e-01 9.568530053466752783e-01 9.177575200335800210e-01 -3.820669210381391623e-01 1.083789752223633662e-01 3.970621042071411089e-01 8.773000407578992466e-01 -2.696040131169901710e-01
-1.343729339378411103e-01 9.597387872239746542e-01 2.466685527642128173e-01 6.957738553553320937e-01 -8.586568607189563884e-02 7.131099677885455179e-01 7.055796601581669769e-01 2.674482085437428491e-01 -6.562231319588089917e-01
3.830600913622039805e-01 9.205189446152971522e-01 7.687547729881039071e-02 -1.603194476572756058e-02 -7.658569902974862731e-02 9.969341038660245458e-01 9.235842913089247208e-01 -3.831181323149095430e-01 -1.457921599149556748e-02
8.511266640433862163e-01 2.882266755362115074e-01 4.387582309925600610e-01 4.518175480509405428e-01 -8.277519346124220245e-01 -3.326975173015702114e-01 2.672906751602330266e-01 4.814063961506291345e-01 -8.347476125857749008e-01
6.000022311609185532e-01 6.999610408042460097e-02 7.969302780140070652e-01 7.459679020989561371e-01 3.109312185707813203e-01 -5.889428379360528432e-01 -2.890142066404392529e-01 9.478514243971212228e-01 1.343445779640774218e-01
4.030927977582973026e-02 2.343738871773810850e-01 -9.713104771252694114e-01 9.795114311244734751e-01 1.826953985223057908e-01 8.473339161902057604e-02 1.973132490747651069e-01 -9.548252575042934787e-01 -2.222075817145300614e-01
-4.708401830300776303e-01 4.903844271568261748e-01 7.333707354716814120e-01 -3.373280417228253225e-01 6.680413871249161195e-01 -6.632725664126796206e-01 -8.151805409304413441e-01 -5.596818906220661916e-01 -1.491203104813806635e-01
-9.206832827771431749e-01 -3.897170949876522794e-01 2.151461570859198799e-02 -1.576788856164340960e-02 -1.793928743265957304e-02 -9.997147371409086380e-01 3.899918800500989380e-01 -9.207598860945203079e-01 1.037138631985114016e-02
6.821095064799356233e-01 1.894814529524233293e-01 -7.062743094271072275e-01 2.502909082160131859e-01 8.470097963857811108e-01 4.689657408499268709e-01 6.870815689815160665e-01 -4.966600284032893220e-01 5.303279492468241374e-01
4.078540602086851430e-01 -1.873726469323751809e-01 -8.936143221506951395e-01 8.816095953265836727e-01 3.354285485949243806e-01 3.320424825464355356e-01 2.375280762339221641e-01 -9.232438355976486655e-01 3.019954188916681437e-01
4.067916584618572196e-01 -1.726546452692789280e-01 -8.970568098358049358e-01 8.868546525741871633e-01 3.101688179826058156e-01 3.424677058625984483e-01 2.191104100981280667e-01 -9.348720114637152356e-01 2.792936633159039395e-01
6.456084295314457044e-01 -7.546386584626663119e-01 -1.170907804722776530e-01 7.411278290052534246e-01 5.821663372596964647e-01 3.343828596617793303e-01 -1.841719218336501929e-01 -3.026596288164249970e-01 9.351352053541794884e-01
7.622671273884613907e-02 -7.603853606162180867e-01 -6.449834041474040713e-01 8.427962462516418451e-01 3.947959317055482753e-01 -3.658287298899441931e-01 5.328076346761285720e-01 -5.157036704051000120e-01 6.709439237086337604e-01
2.800940834741819652e-01 -6.386076154738733468e-01 -7.167479458369809819e-01 8.210282849652650317e-01 5.462619091709609576e-01 -1.658628405517417470e-01 4.974533743877447844e-01 -5.420131364161485665e-01 6.773196440843688437e-01
-7.926382464192460731e-01 2.519275129748940190e-01 -5.552090944137237916e-01 -3.578618639129271251e-01 -9.295110497110482539e-01 8.912965175423234743e-02 -4.936187766588584491e-01 2.693357322587363045e-01 8.269212578344217190e-01
-2.390588889305288456e-01 9.700409107698725331e-01 -4.326059472611860912e-02 -8.879009000847163380e-01 -2.364157013625091119e-01 -3.946385786742394042e-01 -3.930430501256218512e-01 -5.593073915146589553e-02 9.178174726850207854e-01
9.221772842617099730e-01 -3.147334294891361295e-01 2.247930709646192571e-01 3.592574526087593534e-01 4.817682702160738240e-01 -7.992705527905283880e-01 1.432589932142569467e-01 8.178277338015743636e-01 5.573460852004061827e-01
-4.241725820742691666e-01 -8.784690384925524231e-01 2.199312825098291291e-01 -5.538836178488337758e-01 5.953248881000155340e-02 -8.304630158259757033e-01 7.164429904012842298e-01 -4.740759761747668777e-01 -5.118216587042870858e-01
9.955029006270084135e-01 9.456263235016233726e-02 5.646539313678602956e-03 -4.807971343124910896e-02 4.529999839826460151e-01 8.902130956507501303e-01 8.162301145866791841e-02 -8.864812028885499240e-01 4.555093423034128897e-01
-3.380386348030079424e-01 2.494293002713988683e-01 9.074772204009525778e-01 -9.579864223345489760e-02 -9.683509521292721356e-01 2.304757116412888829e-01 9.362438258951271131e-01 -9.025390653727859494e-03 3.512350221672130846e-01
-3.918924311468669486e-01 4.579780892943879911e-01 7.979200411921361091e-01 -3.563590323489915779e-01 -8.751532947512884464e-01 3.272842048575752560e-01 8.481913477942869539e-01 -1.560858110534926457e-01 5.061705810442612696e-01
3.365160418356313299e-01 8.798395930309270696e-01 3.356177053173037828e-01 -4.989965924319157420e-01 -1.356411944159913729e-01 8.559228160989401646e-01 7.985983685987696479e-01 -4.555038495035758084e-01 3.933915209543892844e-01
2.581210553265609123e-02 9.328450066828402054e-01 3.593520957429685581e-01 -2.932763028802923277e-01 -3.365878720111181721e-01 8.948170844278147129e-01 9.556792063118451086e-01 -1.284865670874567600e-01 2.648932930469217184e-01
8.099787500274798768e-01 1.279733090006009155e-01 5.723261803267071235e-01 5.763923505794786850e-01 -3.537578159370129427e-01 -7.366323817596792667e-01 1.081955761451690590e-01 9.265410081841555234e-01 -3.602991499514030527e-01
8.416202698369724677e-01 1.143475651395464698e-01 5.278256868950198522e-01 4.964221424584950304e-01 -5.486980602561898346e-01 -6.726778539152395986e-01 2.126978558341849623e-01 8.281636752585517236e-01 -5.185600728033238349e-01
5.927694176322426678e-01 -5.442384049323529815e-01 -5.936572884388938709e-01 5.310196486367433355e-01 8.183112259506636343e-01 -2.199656115051440430e-01 6.055101570425071023e-01 -1.848547972864386379e-01 7.740711554105011993e-01
-3.544892529884783872e-01 -3.824995943810819421e-01 8.532475782643502704e-01 9.229058860931087516e-01 3.524685685265432130e-03 3.850094830072560148e-01 -1.502734006082410145e-01 9.239489362995815247e-01 3.517616638869382473e-01
-9.272000166483637118e-01 3.134585277702179873e-01 -2.050460448177478523e-01 -3.511579811893579817e-01 -5.369536266197080243e-01 7.670520680546776271e-01 1.303387945866032738e-01 7.832142454195218928e-01 6.079368753395706371e-01
2.417263396776051509e-01 7.827612615086370074e-01 -5.734572208870286625e-01 -4.077783838025363927e-01 6.182111500807916382e-01 6.719611325212020425e-01 8.805027918237730011e-01 7.141275374323813319e-02 4.686310405781389798e-01
-8.189357340550387221e-01 -5.721369744754256637e-01 -4.476098664954872991e-02 -4.395609971314780040e-01 5.751989127371330834e-01 6.898784969737798978e-01 -3.689585251603704763e-01 5.846413372522735186e-01 -7.225400428262490626e-01
-6.837377024229449596e-01 -5.684781797537200587e-01 4.575317622081442326e-01 4.832014425622447457e-02 5.903431566348964488e-01 8.057047356652462522e-01 -7.281263063126135471e-01 5.729987055467440360e-01 -3.761709259064370259e-01
-3.252858648276567566e-01 -5.505439414466213321e-01 7.688240856527212008e-01 4.745790374912474407e-02 8.025114824624268728e-01 5.947462214152330340e-01 -9.444240856284124019e-01 2.299493184429507175e-01 -2.349179802240777271e-01
-4.893135297257371064e-01 -4.665030121594537782e-01 7.368495160298993429e-01 3.956501433660946504e-02 8.321619675989917475e-01 5.531193987940751233e-01 -8.712100087050677066e-01 2.998022670493530883e-01 -3.887309113052170306e-01
7.536892156611366689e-01 -3.121655921446148674e-01 5.783642531113954988e-01 5.986089985645409728e-01 6.893480591203375862e-01 -4.080030884988261608e-01 -2.713297496288563093e-01 6.537215741185428142e-01 7.064193304959289765e-01
-4.069482730450960095e-01 -1.340760267311907616e-01 -9.035578133808547241e-01 -5.092723255558837536e-01 -7.878665902986391467e-01 3.462772506447664433e-01 -7.583104914799189133e-01 6.010739180393489534e-01 2.523397383772733038e-01
7.839878592879688801e-01 4.295244114512244415e-01 -4.481872560175571008e-01 -7.581504684792600424e-02 7.828237377495107507e-01 6.176075406658604328e-01 6.161291383797027343e-01 -4.502174758751207317e-01 6.462887197345476009e-01
-1.614103707832907908e-01 -4.414701683442295854e-01 -8.826385345461177367e-01 -6.609846047153824511e-01 7.124908465421718740e-01 -2.354912862992365186e-01 7.328342544756286658e-01 5.453997470257360147e-01 -4.068083964367165128e-01
-8.748771443500038547e-01 -2.422984427130347451e-01 4.193822205969404693e-01 -3.785565877567283466e-01 8.822053136495046077e-01 -2.800155253455815507e-01 -3.021338977340429777e-01 -4.037390855830256253e-01 -8.635449372282933966e-01
-5.219207853611713688e-01 -3.510993642091838618e-01 7.773853164678924399e-01 -5.422994075572427075e-01 8.400457957854823299e-01 1.531056975424374515e-02 -6.584147981106149849e-01 -4.135846919737756755e-01 -6.288383386800742159e-01
6.714604766608752717e-01 -7.174877377458744876e-01 -1.853433960697217775e-01 1.993250634453175556e-03 2.518602011034423160e-01 -9.677615750028734087e-01 7.410376881335108967e-01 6.494442126037008878e-01 1.705443035732955859e-01
6.350411097285421080e-01 -7.181610455024793893e-01 -2.845478899544484630e-01 -7.516109234016271623e-01 -4.893994837374821549e-01 -4.422320263626770553e-01 1.783362239650030656e-01 4.947048190995036454e-01 -8.505664778144220728e-01
7.098740536089912512e-01 -2.563484887873511697e-01 6.560215547595827923e-01 -6.668150802699496227e-01 -5.445241590310494484e-01 5.087741040541560178e-01 2.267961127032819268e-01 -7.986106013120347624e-01 -5.574806101872158415e-01
2.356202634568163035e-01 -6.620461075825293529e-01 7.114619054337082416e-01 -4.480822353791281132e-01 -7.236233937364902058e-01 -5.249680889110583948e-01 8.623835583927748072e-01 -1.951003215581848527e-01 -4.671514344853375800e-01
4.367217525884302676e-01 8.824926330966592625e-01 1.745876952886882272e-01 -8.835071595748387185e-01 4.572967552623383725e-01 -1.014631785749779136e-01 -1.693788941872354792e-01 -1.099383015907691857e-01 9.794000000241200876e-01
-8.485051137814918487e-01 1.309183918146880621e-01 5.127372100514193676e-01 -4.333521258542525900e-01 3.841926573833904235e-01 -8.152312169135140785e-01 -3.037186311444486364e-01 -9.139236164457864575e-01 -2.692556710607920678e-01
-9.365443317977183435e-01 -2.039152102932541566e-01 -2.851373381173070709e-01 2.848029919717851577e-01 3.162708527406639381e-02 -9.580641853451083989e-01 2.043819227365390179e-01 -9.784775493020395620e-01 2.845549455536475203e-02
-1.218468437934862869e-01 -4.853297625724389830e-01 -8.657992655453953246e-01 3.494949825000982502e-01 7.954536132562076700e-01 -4.950826257958362286e-01 9.289814873638883030e-01 -3.629167545305999054e-01 7.269680471763806384e-02
-2.983026668992362906e-01 8.402979818223084152e-01 4.526751822953838933e-01 6.440762547508233071e-01 5.272261340606961832e-01 -5.542547984722968613e-01 -7.044013749184169226e-01 1.262216515054719601e-01 -6.984889388560673318e-01
5.873826338825235971e-02 7.571258328318398734e-01 6.506230011864211349e-01 3.061148861950260380e-03 6.516086265410754308e-01 -7.585491593726134685e-01 -9.982687242329981725e-01 4.654751417580645090e-02 3.595668425030076193e-02
3.756028604109206137e-01 -3.333725521119484947e-02 -9.261809319275141617e-01 8.027257798676055156e-01 -4.877683374837535890e-01 3.430938228594034300e-01 -4.631995397094858524e-01 -8.723363321353287958e-01 -1.564465085887250806e-01
7.193217854490895069e-02 1.246034572455182315e-01 -9.895957458135355989e-01 3.307511042134852475e-01 -9.390056607798912269e-01 -9.419169859855071325e-02 -9.409726184918155711e-01 -3.205344715717549642e-01 -1.087574539186722533e-01
5.902701568059285156e-03 -4.983181001574384927e-01 -8.669741802208874581e-01 5.990291047812861258e-01 -6.924531185019315860e-01 4.020855758440994854e-01 -8.007054950099505852e-01 -5.217161582052363133e-01 2.944197013252328743e-01
-6.045475953688262960e-01 1.725834528132694501e-01 -7.776484789085748028e-01 -5.473519396304788592e-02 -9.829401615232147282e-01 -1.755924184198857652e-01 -7.946862673254129206e-01 -6.358923399260901776e-02 6.036804998048522775e-01
8.836539382429680067e-01 4.329253244965783898e-01 -1.781330425194195821e-01 -3.267166922732779866e-01 2.977939221963102900e-01 -8.969810382014472561e-01 -3.352788696260192713e-01 8.508198653724948768e-01 4.045907021544472570e-01
4.855785505865107821e-01 8.712668814608678369e-01 -7.146672288385061411e-02 1.319439238309165138e-02 -8.904675154428273731e-02 -9.959400504292673650e-01 -8.740934613758097882e-01 4.826641661744370815e-01 -5.473502965369718420e-02
4.843492190200804348e-01 8.738289735572268846e-01 4.276399193902771789e-02 -3.775094104446489740e-01 2.528427643372221367e-01 -8.908182651630160986e-01 -7.892353762093865521e-01 4.153233216353678370e-01 4.523428560786532659e-01
4.244455648444501739e-01 8.741545531868162300e-01 -2.360080075476956307e-01 -3.981506521027500800e-01 -5.391195566381048326e-02 -9.157344370867888106e-01 -8.132170809285983459e-01 4.826461625034025871e-01 3.251625149163241968e-01
-7.486743425518963546e-01 -4.235148271638690121e-01 -5.100214897206234443e-01 6.117936970872435154e-01 -7.377011619148906574e-01 -2.854916249450105137e-01 -2.553335093731492478e-01 -5.257681873999018318e-01 8.114016342782494062e-01
-1.224217951897287882e-01 7.056211219372360288e-01 6.979339054226847416e-01 -9.899987689746605479e-01 -3.714435544695346425e-02 -1.360982523292920965e-01 -7.010949644079156329e-02 -7.076150995664713950e-01 7.031113207553639777e-01
-4.863101718503112236e-01 -1.901631725365495740e-01 8.528425321041130935e-01 2.232791658875407370e-01 -9.706721845334790322e-01 -8.911747445685205826e-02 8.447773853717230885e-01 1.470832348836470793e-01 5.145072314172823846e-01
-4.860919859724653902e-01 -3.950713228584209480e-01 7.795083264649852461e-01 3.534235779800596333e-01 -9.046529825848640405e-01 -2.381066055952306970e-01 7.992536241401209107e-01 1.597549090175549580e-01 5.793720854025292688e-01
-1.139390731911267135e-01 -6.050653448780700661e-01 7.879808475007049617e-01 6.702606280664081817e-01 -6.322639601854127545e-01 -3.885781454414068969e-01 7.333270607746390501e-01 4.838783039962024080e-01 4.775910477148705979e-01
3.207695160346530350e-01 1.236666194127001295e-01 9.390492451548687614e-01 -4.376100858092095147e-01 -8.599247688814102286e-01 2.627295275798086638e-01 8.400025776037539638e-01 -4.952130441610837486e-01 -2.217198920073743529e-01
8.716524029446922617e-01 -3.066191303439078086e-01 3.823699744329951411e-01 1.164161309357455848e-01 -6.283003187887661323e-01 -7.692112803826307577e-01 4.760980706731491874e-01 7.149988939271729738e-01 -5.119640698176234350e-01
7.656044568295696795e-01 -3.511320633632293853e-01 5.390325498158539119e-01 5.878468697347963845e-01 4.149382738088844280e-02 -8.079073709481098264e-01 2.613156585926324493e-01 9.354060809977485791e-01 2.381797434853194784e-01
7.594226953484788378e-01 -1.690568082115212201e-01 6.282491268493609615e-01 6.159246909819774407e-01 -1.242161691540359797e-01 -7.779505886362267919e-01 2.095565432727103661e-01 9.777474821844488462e-01 9.793684371260259064e-03
-2.987958655499099447e-01 6.548214351645608167e-01 6.942117247492329835e-01 3.686631562470406021e-01 -5.917679913205873277e-01 7.168668786283597383e-01 8.802320761914158576e-01 4.701271450335770541e-01 -6.459070789461733575e-02
1.184223539290717997e-01 -8.770003156616889006e-01 4.656678992793000238e-01 8.655684523131857988e-01 3.209844805075618424e-01 3.843959126128257409e-01 -4.865875054397246213e-01 3.575463740587914718e-01 7.971155436618688750e-01
-9.831130451331037134e-01 -9.789087095063193911e-02 1.546160336887578424e-01 8.561570154906342212e-02 5.006933140962119833e-01 8.613803787338172313e-01 -1.617364898140740970e-01 8.600718473499056049e-01 -4.838571331072248349e-01
5.533469081384515681e-02 5.397264375542838027e-02 9.970080369378101492e-01 1.240992531153037176e-01 9.904234783525868169e-01 -6.050379247771656838e-02 -9.907257175266825922e-01 1.270759113837570120e-01 4.810681217070634369e-02
5.236263911780527636e-01 7.988147068299529252e-01 -2.961595289941313935e-01 4.385588080984435533e-01 4.529225297703177305e-02 8.975604623976802809e-01 7.303982299411204693e-01 -5.998697158320642764e-01 -3.266110067441651554e-01
7.049527943860789403e-01 6.740635753914827610e-01 -2.206351151057107940e-01 1.621541000687626022e-01 -4.560152181139823790e-01 -8.750749503210264457e-01 -6.904691198874494118e-01 5.811096429925322049e-01 -4.307713747487673661e-01
7.801805203891053475e-01 -9.011629372877968946e-02 -6.190294090024911489e-01 5.022436438652955193e-02 -9.773509477271146162e-01 2.055787882999600691e-01 -6.235349780303864886e-01 -1.914789246405436685e-01 -7.579841374271276688e-01
8.140090007623176360e-01 4.433987230820795981e-03 -5.808353350435657703e-01 4.135692364532275733e-01 -7.065790253547054034e-01 5.742008077217316542e-01 -4.078600658772910115e-01 -7.076202517495040478e-01 -5.769954471020897202e-01
6.346789557187505482e-01 -3.001294016092302952e-01 7.121130285688094252e-01 7.111284750289821321e-01 5.874951615150428852e-01 -3.861938984491706250e-01 -3.024548150893134335e-01 7.515129922270800122e-01 5.863013792779188105e-01
-4.960174825090668538e-01 8.466214458575768154e-01 1.928698640518884122e-01 7.655912466737063715e-01 5.312122731325752412e-01 -3.628823003260460145e-01 -4.096787766799347419e-01 -3.233648538955095214e-02 -9.116565425919365140e-01
-1.837468675874665280e-01 8.319332717233531849e-01 5.235686392933327493e-01 2.657269192728068385e-01 5.548460502661164417e-01 -7.883749519599628774e-01 -9.463753446839037187e-01 -5.735146359789841143e-03 -3.230182890652703587e-01
2.753074580709963803e-01 3.468326929663810565e-02 -9.607303858842934918e-01 9.202927376784649782e-01 -2.984630498934870424e-01 2.529448256528568639e-01 -2.779695675910636710e-01 -9.537907939790438716e-01 -1.140878644469356107e-01
-2.602883120192143185e-01 4.563394137698034703e-01 -8.508844422519549200e-01 9.187087662074701344e-02 -8.655568397404390657e-01 -4.923119937676507241e-01 -9.611502154476810889e-01 -2.063145574572382568e-01 1.833700267930950534e-01
6.040455001407715185e-01 6.601769401310664254e-01 4.464251801577364676e-01 2.460161495903434581e-02 5.444537088093930333e-01 -8.384300325639009177e-01 -7.965700184548076823e-01 5.174326687433630223e-01 3.126333939553299079e-01
9.088206078411003030e-01 -4.171837924337758463e-01 -1.669159640372502125e-03 2.698796539075167256e-01 5.909652144809740548e-01 -7.602138433889608082e-01 3.181353095305388679e-01 6.904475350119143595e-01 6.496707829553978186e-01
-9.180224554087313971e-01 -3.735708659077274230e-01 1.329645799086160707e-01 -2.877530433609022387e-01 8.583331517235026631e-01 4.248086471447323209e-01 -2.728240410995017018e-01 3.517229148027605778e-01 -8.954652610798410350e-01
-5.288819240280514533e-01 -5.399051701046414520e-01 6.548177744461926020e-01 -4.040334931031797638e-01 8.386894762334339282e-01 3.651806387339446291e-01 -7.463516911531917764e-01 -7.143087392414400327e-02 -6.617074756742619135e-01
-8.108344522363353235e-01 -5.417164988309814966e-01 2.215642704970849919e-01 -5.714083852507522154e-01 8.146247547438604242e-01 -9.939298880521321711e-02 -1.266489176097830571e-01 -2.071949416680075595e-01 -9.700671666515990887e-01
4.156407196828810213e-01 4.647498013315789489e-01 -7.818250535150140790e-01 -7.781584733003582555e-01 6.267189328645813573e-01 -4.114328158930227741e-02 4.708632312809664655e-01 6.254846132011071536e-01 6.221389041655478458e-01
-7.995723599433768314e-01 5.988275650576098119e-01 -4.571201747629510814e-02 2.719407477234170312e-01 4.288641214840712701e-01 8.614660730587854198e-01 5.354738751257691609e-01 6.763735008343172428e-01 -5.057535135092213752e-01
2.446165411720498950e-01 -9.119791302993017768e-01 3.293278209983969695e-01 6.885423206214911218e-01 4.025196563167516284e-01 6.032308007651933091e-01 -6.826948223754115697e-01 7.919591010382792673e-02 7.263991928166163570e-01
-2.237237191824798799e-01 -9.440816507607600050e-01 2.421931753208529381e-01 4.121292423168700092e-02 2.391061723924591265e-01 9.701184119477894718e-01 -9.737808749156210419e-01 2.270199881522906582e-01 -1.458535662579899667e-02
6.460717701614810959e-01 3.227904396975269652e-01 6.916629235691961197e-01 -9.194805081214367515e-02 9.324907067072282230e-01 -3.492944858661554131e-01 -7.577181690788851176e-01 1.620722491499752560e-01 6.321358732924517998e-01
-8.492123273586643650e-01 3.220235567501028573e-01 4.184964180970896508e-01 -1.296738663470835551e-01 -8.954368410990790617e-01 4.258844350162392933e-01 5.118819311605747879e-01 3.073982636589153161e-01 8.021740434910648032e-01
5.878445787836088510e-01 1.836796738072174195e-01 -7.878454979402977898e-01 -3.802817480088972746e-02 9.790800967068019611e-01 1.998900251486108171e-01 8.080795809300187482e-01 -8.754394132476241153e-02 5.825319297869362423e-01
4.939922439689362621e-01 2.725479919786497618e-01 -8.256447510684853386e-01 -2.648790288350253430e-01 9.516352915389184597e-01 1.556578683557357790e-01 8.281369228466686216e-01 1.418022001452854119e-01 5.422927005335841377e-01
2.556294061783132565e-01 -9.615688070292094380e-01 -1.001949901209931854e-01 -9.537644068083589444e-01 -2.338857840194410731e-01 -1.887614800193893050e-01 1.580729673360433685e-01 1.438154003646143764e-01 -9.768981869240743743e-01
7.658468545352801193e-01 -5.850992267570936933e-01 -2.667161229597283523e-01 -4.687511092625099574e-01 -2.240619891861728996e-01 -8.544405319079275696e-01 4.401715494708674514e-01 7.793940722447063596e-01 -4.458630812101730956e-01
8.378411034316159967e-01 -3.923007101489096593e-01 -3.796346114583779574e-01 -2.993752967923190011e-01 -9.116949901356318220e-01 2.814012733306324732e-01 -4.565048927131047374e-01 -1.221163288764103710e-01 -8.813006780609812241e-01
6.065998239282178739e-01 7.340819180553779244e-01 3.052218720773354765e-01 -4.127902093998520594e-01 6.189410452456819423e-01 -6.682186958876631389e-01 -6.794416064930688393e-01 2.793487427827816560e-01 6.784713577387020411e-01
-6.123938553261011331e-01 2.223398585306113340e-02 -7.902401001163638083e-01 -4.399144681692397918e-01 -8.401269822482704264e-01 3.172726184116576587e-01 -6.568477956530032191e-01 5.419338553472188291e-01 5.242696536843329813e-01
4.603261906550443205e-01 2.636107038113872925e-01 -8.477082015841778118e-01 -4.689409210926053784e-01 8.830044131345806679e-01 1.994038388982442497e-02 7.537865816806735841e-01 3.883459839124382418e-01 5.300879040850164925e-01
8.556009796089990571e-01 3.716948187650355173e-01 -3.602636886994706744e-01 5.859876239525554920e-02 6.219548951975212292e-01 7.808574091251135885e-01 5.143084179146458768e-01 -6.892133704761305157e-01 5.103643612352515291e-01
-8.003931255065332984e-02 -6.609548977804015069e-01 7.461449802461432856e-01 -3.986151847010799831e-01 -6.648638380979233764e-01 -6.317135516319261068e-01 9.136189812893241724e-01 -3.479866375161511094e-01 -2.102514141166715311e-01
-1.335931298985973924e-02 5.066520794252624693e-01 8.620470980001595507e-01 -8.637150689416922544e-01 4.285326146436087003e-01 -2.652472014362458053e-01 -5.038033430213487707e-01 -7.481065890638646243e-01 4.318781343848552279e-01
-7.796201084094616096e-01 -4.877419017395701606e-01 3.928107990510023573e-01 -6.259947156423512071e-01 5.889348424399811766e-01 -5.111617819712716004e-01 1.797505358743022724e-02 -6.444094883283935093e-01 -7.644692987954893049e-01
6.317174570594821237e-01 -7.750607959825532856e-01 1.462248190946013014e-02 7.414500911471533229e-01 6.096129533973595471e-01 2.803993747996365582e-01 -2.262406170080419610e-01 -1.662913394649282450e-01 9.597720425365496855e-01
6.046985040874488515e-01 -2.995342472334979744e-01 7.379830308947918915e-01 -4.644113277107141391e-01 -8.853662963983562895e-01 2.118112121276074372e-02 6.470408316701298235e-01 -3.555358715180787499e-01 -6.744867724540689613e-01
