9.215942784419118849e-01 3.881545902641523882e-01 0.000000000000000000e+00 -3.881545902641523882e-01 9.215942784419118849e-01 0.000000000000000000e+00 0.000000000000000000e+00 0.000000000000000000e+00 1.000000000000000000e+00
9.215942784419144385e-01 3.881545902641463375e-01 0.000000000000000000e+00 -3.881545902641463375e-01 9.215942784419144385e-01 0.000000000000000000e+00 0.000000000000000000e+00 0.000000000000000000e+00 1.000000000000000000e+00
6.777051704114112063e-01 1.503152767818463353e-01 -7.198062375137054270e-01 -4.839339231756549786e-01 8.281908010606416903e-01 -2.826799516031373027e-01 5.536457892890177535e-01 5.399123212194084642e-01 6.340118495722386616e-01
2.165382933902949836e-02 -1.073270603894937447e-01 9.939879344253159665e-01 -6.730159233245178174e-02 9.918092875103685646e-01 1.085579701251449258e-01 -9.974976728516576907e-01 -6.924766650454980410e-02 1.425318698403974654e-02
4.415572619413724725e-02 4.864045493952596222e-01 -8.726172621326391265e-01 -1.652355928973508192e-01 8.649947616759007252e-01 4.737945347016082054e-01 9.852651778501710922e-01 1.232666889343868172e-01 1.185658159632184128e-01
8.713920021262380744e-02 3.936018956771526467e-01 9.151416871204460790e-01 5.103613399863752287e-01 7.712867476660685284e-01 -3.803262487943872006e-01 -8.555337880140188034e-01 5.001942628559932214e-01 -1.336698805727521699e-01
2.793537525763973850e-01 8.250579898946616142e-01 -4.911626962957040821e-01 3.517624449206979698e-01 3.880273489058366776e-01 8.518790752474917349e-01 8.934341963820829902e-01 -4.107482073145168333e-01 -1.818275197075862881e-01
5.544261081091510501e-01 5.900618810492034294e-01 5.868889734691015159e-01 6.722108409215008518e-01 9.825170477788182366e-02 -7.338114116418801292e-01 -4.906569840474592770e-01 8.013573354259108106e-01 -3.421726829607172338e-01
7.846230051785566539e-01 6.098929179456600291e-01 -1.113434703262815018e-01 3.238281968678197731e-01 -2.500175790570769996e-01 9.124837034576426253e-01 5.286795235848533725e-01 -7.520118608121595383e-01 -3.936700681280275171e-01
9.531238960958600126e-01 2.613514164101749526e-01 1.524804113040238995e-01 2.577442244298314700e-01 -4.372873323887186969e-01 -8.615960211754828402e-01 -1.585015882069121806e-01 8.605087019157643402e-01 -4.841508240859793699e-01
9.893328568119403865e-01 8.805237402726217438e-03 1.454062111005136881e-01 -1.154987242649098411e-01 -5.608688448080931810e-01 8.198086262151755843e-01 8.877242322649418760e-02 -8.278578420948350391e-01 -5.538689828439389284e-01
9.312118944903736706e-01 -2.745151161492640490e-01 -2.397620874225225573e-01 -3.538163409372222512e-01 -5.229015993678076679e-01 -7.754920465513390759e-01 8.751231025087015392e-02 8.069791622985967861e-01 -5.840601229072316380e-01
7.608407071234870589e-01 -5.745259970349050338e-01 3.017305041173009017e-01 -5.908607968619897788e-01 -4.210499206120089100e-01 6.881863723470812433e-01 -2.683373569137301740e-01 -7.018809322696188957e-01 -6.598168077587021063e-01
5.428838595319602778e-01 -6.705004147047944896e-01 -5.056741133777583608e-01 -7.941918381743482414e-01 -2.141469831874282803e-01 -5.686830345359122907e-01 2.730136246360855279e-01 7.103310942598685118e-01 -6.487628975909802698e-01
2.653443675640093646e-01 -8.718218710852603248e-01 4.117268411209693002e-01 -8.339645543849242282e-01 6.759916121869051671e-03 5.517766083874707794e-01 -4.838341540565437304e-01 -4.897764067729489246e-01 -7.252748325545067543e-01
6.874903958584726270e-03 -7.824436032939920960e-01 -6.226835017566098029e-01 -9.113886864812840161e-01 2.513368781267847352e-01 -3.258840834520790319e-01 4.114892439049653849e-01 5.697471205348874079e-01 -7.113823309534221817e-01
-2.561011055132614289e-01 -8.276177697472629768e-01 4.994607601738619285e-01 -7.734467107392053453e-01 4.853669748171203779e-01 4.076752204924669054e-01 -5.798210149706458649e-01 -2.819002074412929604e-01 -7.644212605906289815e-01
-4.627093448192665659e-01 -6.056373784616634337e-01 -6.473819799986781920e-01 -7.231316899708214452e-01 6.802826943014198546e-01 -1.195659432863103305e-01 5.128163620409056378e-01 4.128181459723943014e-01 -7.527287407685759879e-01
-6.489763465276328080e-01 -5.329231902041920987e-01 5.429756670332772650e-01 -4.826947973533771141e-01 8.400641743320382826e-01 2.475841586447198039e-01 -5.880777450776624171e-01 -1.014152668310742550e-01 -8.024210300072861513e-01
3.387086974624660130e-01 1.558448507552312179e-01 -9.278948220333809171e-01 -9.361837766544406358e-02 9.868753519186619361e-01 1.315775024033663809e-01 9.362222052624954438e-01 4.230156342852228746e-02 3.488532071014006086e-01
9.182833124274166758e-01 3.693778659546005372e-01 -1.425333303482276548e-01 -3.625003148222202820e-01 9.291597732757588268e-01 7.249577560059460024e-02 1.592145717926692627e-01 -1.490328383161670413e-02 9.871315070748735154e-01
9.078197610639443527e-01 3.580073840950920294e-01 -2.183895472663297532e-01 -3.382634594694622909e-01 9.329441844541325191e-01 1.232598096743835470e-01 2.478731800932782170e-01 -3.802448719710783270e-02 9.680459828767650210e-01
7.324560094775023344e-01 4.244260786510867800e-01 -5.323257442028846986e-01 -3.440737945328600084e-02 8.039733273509612754e-01 5.936691175624533301e-01 6.799443553846530319e-01 -4.165205789262832470e-01 6.034784842158527063e-01
8.401307257080545821e-01 2.585928957406281037e-01 -4.767704667801212493e-01 -1.429313583054538650e-01 9.535110171864693562e-01 2.653061757987980607e-01 5.232121850016645537e-01 -1.547464195918648588e-01 8.380349366758421681e-01
9.514662692841213687e-01 -2.157350657816068107e-01 -2.194773788041982365e-01 1.198818956205994629e-01 9.166423142362860599e-01 -3.813072237106945872e-01 2.834435914198228379e-01 3.364895973782127125e-01 8.980169716320961504e-01
1.167501887482311346e-01 -5.919640577493345823e-01 7.974634460338575481e-01 8.100964252665607823e-01 -4.077570815854120179e-01 -4.212813124116561725e-01 5.745547625749807263e-01 6.952069596529441009e-01 4.319422508304991415e-01
-2.442239334403063233e-01 5.362865739935378517e-01 8.079303069505554546e-01 -6.281749351558004735e-01 -7.222091614458838738e-01 2.894998755882964292e-01 7.387495659402792958e-01 -4.368187698324180190e-01 5.132625460182560495e-01
6.954258909291610724e-01 7.143231255637381150e-01 -7.826431185562726656e-02 -6.139314806975074701e-01 6.472025915110779515e-01 4.519036872497403379e-01 3.734581197858055646e-01 -2.662165994565268701e-01 8.886268929870704270e-01
3.826269933055313488e-01 9.204041078891351813e-01 8.032970916649684323e-02 -8.266640045180559948e-01 3.022328665258572356e-01 4.746387236896446593e-01 4.125811527786263366e-01 -2.480152668130907179e-01 8.765073985994022987e-01
8.626912080547192163e-01 4.979849976471810713e-01 8.817494918301052587e-02 -4.869603877854938867e-01 7.708885874525429616e-01 4.106097495959203925e-01 1.365044331620432483e-01 -3.971671283650753947e-01 9.075377743506599648e-01
9.563091408458234133e-01 1.791454308047319421e-01 2.310405630111531106e-01 -2.411079976466274366e-01 9.302160361697192625e-01 2.767039203255522994e-01 -1.653473937065758625e-01 -3.203202158379684916e-01 9.327674944593429274e-01
9.533695529371986055e-01 1.476188262950183516e-01 2.632397721766368548e-01 -2.130556715598967699e-01 9.469554846332284281e-01 2.405880107968994541e-01 -2.137610262617762602e-01 -2.854540107378573666e-01 9.342495552073779574e-01
9.494208739538362307e-01 1.437991973061371886e-01 2.791447562732372045e-01 -2.078420209105850125e-01 9.541552431155219116e-01 2.153821403435378923e-01 -2.353756538908352569e-01 -2.625063101894316575e-01 9.357824205798010997e-01
9.108854972652281612e-01 2.088270479851477568e-01 3.559197590773611752e-01 -2.266774476663439841e-01 9.739310883003214903e-01 8.693098505327994524e-03 -3.448259642070909403e-01 -8.859739991647751223e-02 9.344760859094736194e-01
9.108854972651652115e-01 2.088270479852346040e-01 3.559197590774716424e-01 -2.266774476664374371e-01 9.739310883003000630e-01 8.693098505299446180e-03 -3.448259642071960229e-01 -8.859739991650927848e-02 9.344760859094319860e-01
6.113453353560949211e-01 7.810095057205890257e-01 1.275971508789472686e-01 -6.358083202463002959e-01 5.807482813808465538e-01 -5.084085105294474660e-01 -4.711737055947858854e-01 2.296858411989606552e-01 8.516100947668502341e-01
-6.812889472630894172e-01 -5.819810427819090970e-01 -4.440083739971949495e-01 5.609229453224432449e-01 -8.047752764643550938e-01 1.941705533867487954e-01 -4.703305430736418047e-01 -1.167682329839858091e-01 8.747310215248176313e-01
7.536511348170011892e-01 -5.980119051248562467e-01 -2.727484707894552995e-01 6.544540363484021572e-01 6.443533108937751219e-01 3.955991974808775735e-01 -6.082664955700420317e-02 -4.766451217301715948e-01 8.769889090715453639e-01
-3.391349649859845550e-01 4.067845541179407887e-01 -8.482415941552401417e-01 -9.057490805620457275e-01 -3.848147286963098934e-01 1.775844239774264921e-01 -2.541772581978253842e-01 8.285191314082334113e-01 4.989488654216808206e-01
2.198830884714718381e-01 7.969227255034828650e-01 -5.626416239315641388e-01 -9.754684365581028915e-01 1.733372576576652224e-01 -1.357038112457080448e-01 -1.061869498278707712e-02 5.786781183730906886e-01 8.154868966654474916e-01
9.775997350402952923e-01 9.456960311441041378e-02 1.880301790030732001e-01 -2.652622558678465609e-02 9.416073792586139302e-01 -3.356663561959169484e-01 -2.087944381569199204e-01 3.231596099337107897e-01 9.230236991010731806e-01
7.619348105115650860e-01 6.471647488876869359e-01 2.516212089317435355e-02 -6.070588493079760450e-01 7.271760701614728983e-01 -3.204598515592758101e-01 -2.256876115509705294e-01 2.288946281188223852e-01 9.469278489994705783e-01
5.521153722016717280e-01 8.308891798978310650e-01 6.922273114605785593e-02 -7.793448422015181176e-01 5.437992288617972125e-01 -3.112940982787911759e-01 -2.962941658428333014e-01 1.179218784535959463e-01 9.477891104404371214e-01
-8.303559979194482521e-01 -3.603903966053307317e-01 -4.250031514634330931e-01 5.198346559239849229e-01 -2.262840651253637814e-01 -8.237520575820934665e-01 2.007008899322313689e-01 -9.049388288193807028e-01 3.752397485280817846e-01
6.377653235210679616e-01 -7.464872131215525286e-01 -1.897688930253996487e-01 7.511028499082580412e-01 6.573221099532089440e-01 -6.141785266805194904e-02 1.705869308410246366e-01 -1.033657796985037042e-01 9.799059213075305141e-01
9.157134874599471841e-01 -3.971249113890303328e-01 6.132384233066416612e-02 3.782078885028344883e-01 9.033379559999689112e-01 2.023346987642653250e-01 -1.357483037027313877e-01 -1.620874517168221507e-01 9.773945242519921361e-01
8.949970945476936057e-01 -4.432128399683500919e-01 5.042399466897207888e-02 4.296523826137761404e-01 8.869148204727457241e-01 1.696494366041417234e-01 -1.199125967757021793e-01 -1.301709634019319328e-01 9.842136401318165584e-01
9.061311680415218284e-01 -4.207870282946538087e-01 4.318081892069329519e-02 4.065164409585261263e-01 8.944951583045114285e-01 1.860720156288964422e-01 -1.169217239614636084e-01 -1.510519400363374287e-01 9.815867877458100965e-01
9.339785968243886627e-01 -3.571985928529367027e-01 -9.651214318840342990e-03 3.503618719910506218e-01 9.101265701058158797e-01 2.211700364930798413e-01 -7.021779923119832179e-02 -2.099494978591412153e-01 9.751875045445473900e-01
9.557725566797216077e-01 -2.624886036863841032e-01 -1.326595372850395416e-01 2.880804247424648135e-01 9.263849037945353082e-01 2.425297484882851518e-01 5.923249765212912354e-02 -2.700198936307511843e-01 9.610310964092309005e-01
7.228079061688145179e-01 2.275208721940285769e-02 -6.906743612636963014e-01 1.392280697461512895e-01 9.741683297099547056e-01 1.777965409811962105e-01 6.768783312934573138e-01 -2.246740036525766981e-01 7.009688414673701518e-01
9.233814624075251665e-01 1.021261150722083295e-02 -3.837478044866744487e-01 1.115798153854337393e-01 9.493475017355571532e-01 2.937503459521519367e-01 3.673099776492504964e-01 -3.140621332072031646e-01 8.754703631789305662e-01
6.365552707881529937e-01 -1.493717761931699362e-01 -7.566276889651336601e-01 3.155761562860098235e-01 9.456215511161740750e-01 7.881352452713380474e-02 7.037109327099936307e-01 -2.889428222703217530e-01 6.490785535225240821e-01
9.283561363975532110e-01 2.227797073457678245e-01 -2.975299749738534172e-01 -1.681944532859406261e-01 9.656189875419902702e-01 1.982185581176129086e-01 3.314596655655877577e-01 -1.339745232994543345e-01 9.339086235868221397e-01
-4.458842302592518902e-01 1.334527465076587593e-01 -8.850862204642423459e-01 8.845587073019288704e-01 -8.554563070607497377e-02 -4.585169990343226920e-01 -1.369056118004495781e-01 -9.873562221998011257e-01 -7.990334123728562443e-02
8.163996387151276624e-01 -5.291956313351002805e-01 -2.311787483348202443e-01 5.207420952790522417e-01 8.476673118422667352e-01 -1.014287860446341089e-01 2.496383386224797218e-01 -3.757808150970976674e-02 9.676097290126106643e-01
6.590284891235761444e-01 -5.978211252934210185e-01 -4.563894747651446315e-01 6.105931104685509148e-01 7.795696671054846982e-01 -1.394531734217050734e-01 4.391554439738131754e-01 -1.867646547983635719e-01 8.787840802758157821e-01
7.525882560846685054e-01 -8.578641722579093132e-02 6.528794738870261627e-01 -9.916600012946052978e-02 9.654050593888764409e-01 2.411621357607443283e-01 -6.509815828591168918e-01 -2.462392371778356626e-01 7.180454141990715300e-01
8.924951250942227965e-01 -1.926669795338202262e-01 4.078380642857681315e-01 1.702978695952042376e-01 9.811952423124489231e-01 9.085445544798279038e-02 -4.176734218194672610e-01 -1.163320509271670300e-02 9.085227466854576273e-01
8.650288038159678061e-01 -1.908140515423482897e-01 4.640206528838025646e-01 1.155556287796956211e-01 9.757627934598938069e-01 1.858329022446615075e-01 -4.882336174681599639e-01 -1.071306148275965181e-01 8.661125597407162147e-01
9.998102281247145395e-01 2.302776903327751444e-03 -1.934437788454143603e-02 -1.606948527385229641e-02 6.588300156741595526e-01 -7.521201912525818933e-01 1.101269177993641907e-02 7.522883141889951109e-01 6.587419927061276548e-01
7.298599264859600977e-01 -3.379003585471490601e-02 -6.827611011084672166e-01 -5.061022188039067116e-01 -6.981071973688945942e-01 -5.064650877439723642e-01 -4.595269652933025029e-01 7.151954798925146406e-01 -5.266216798705156688e-01
9.615539953636166315e-01 -4.910815823688857717e-02 -2.701893832015735963e-01 2.585070218007617937e-01 4.938827826315511649e-01 8.302131754554468168e-01 9.267164442247982636e-02 -8.681406486363236752e-01 4.875897666126072227e-01
9.151212106944989211e-01 -3.555097844712185595e-01 -1.901735073091475603e-01 -2.086006855137522570e-02 4.293040711560493494e-01 -9.029190838767745531e-01 4.026388298178240066e-01 8.302474375956058195e-01 3.854493028776471153e-01
9.254170061672665204e-01 1.540511143736589816e-01 -3.462248097069987041e-01 -1.908769812924350218e-01 9.787680870011015166e-01 -7.469276993720240510e-02 3.273672902247581895e-01 1.352083060630458189e-01 9.351734444810015923e-01
8.571204170412710655e-01 5.032035222513757677e-01 -1.101399377374399219e-01 -4.483566492404691961e-01 8.340555642989810892e-01 3.214461552791805787e-01 2.536156654721014592e-01 -2.261360892376920728e-01 9.405006982301640228e-01
8.919645765092328871e-01 4.126771717807166118e-01 -1.846530426063268115e-01 -3.561887008009939626e-01 8.929854177269689330e-01 2.751484202184175665e-01 2.784399462620352761e-01 -1.796513167724071991e-01 9.435023056185583012e-01
8.453303363068200849e-01 5.174129929279842610e-01 -1.330429151390788156e-01 -4.675058204469717538e-01 8.369519143037369435e-01 2.845167850786914920e-01 2.585632038160154411e-01 -1.783123324187537162e-01 9.493944289597353592e-01
2.826349189064458201e-01 9.515130767292966363e-01 -1.214099148665154781e-01 -9.391542354702386852e-01 3.002528605229621839e-01 1.668458622384457468e-01 1.952096939525763963e-01 6.686616903132998335e-02 9.784794790009727627e-01
9.055367277809101001e-01 -2.685272338396385017e-01 3.284758123915278993e-01 1.467299570793192953e-01 9.246562472672152921e-01 3.513988390493226754e-01 -3.980873702283749815e-01 -2.700073130049308601e-01 8.767111819684486607e-01
-8.977271123150000198e-01 -2.803697245590683895e-01 3.398217905980184805e-01 3.827151751657879575e-01 -1.142562777111687244e-01 9.167740167028125553e-01 -2.182089056670044047e-01 9.530678467739118753e-01 2.098727064993160252e-01
9.506190602638234788e-01 -2.847326160845150556e-01 -1.234938848720587845e-01 2.429924481291588223e-01 9.303547238097316097e-01 -2.745810591375818510e-01 1.930753024478356616e-01 2.310139069895713049e-01 9.536008087046122794e-01
8.558498888960803797e-01 -5.168131633933820135e-01 2.061848248277296097e-02 5.125572956818262860e-01 8.421102059590989120e-01 -1.677361608683633765e-01 6.932522138370796061e-02 1.541251282654771959e-01 9.856162836100317293e-01
4.290121461701330574e-01 -9.017116210380886621e-01 -5.352318117749603477e-02 8.981184894120822770e-01 4.194657306019153875e-01 1.320290870481229673e-01 -9.660102180958489437e-02 -1.047122406190605093e-01 9.897997723023986838e-01
-7.056100630156654230e-01 5.613222384786860086e-01 -4.324717141736622028e-01 -2.245759542467302416e-01 -7.560044345855504444e-01 -6.148356981024710732e-01 -6.720714841035879683e-01 -3.367115077870959650e-01 6.595038140742943700e-01
8.244997736498078655e-01 5.142594516830274465e-01 -2.360875676652371413e-01 -5.418326067672319946e-01 8.377827110402001898e-01 -6.736137859306730313e-02 1.631488568615854229e-01 1.834593836161134695e-01 9.693941948804696285e-01
4.951486907207409138e-01 7.989687674397157879e-01 -3.412868042180918216e-01 -8.399780233444389399e-01 3.398808178259900004e-01 -4.229869382998797112e-01 -2.219565146056906302e-01 4.961148438918130399e-01 8.394077479355884774e-01
1.321312057200668688e-01 -5.930412804244314939e-01 -7.942564977307473573e-01 8.440460563850586684e-02 -7.916403230189853479e-01 6.051292932236919109e-01 -9.876321212992061893e-01 -1.469953695969629104e-01 -5.454497497554296193e-02
6.926145800920492368e-01 -6.664499854892187436e-01 -2.759156760413131737e-01 6.981777715822654606e-01 5.233256147564835370e-01 4.885469273346942365e-01 -1.811983518477384425e-01 -5.310129167743181666e-01 8.277635166558710011e-01
9.947086589048633742e-01 -3.096859707551341198e-02 9.795728607338601013e-02 8.290650722474350587e-02 8.050701187285671523e-01 -5.873573145796046058e-01 -6.067285191485782131e-02 5.923707031289998648e-01 8.033777163420531275e-01
4.475635464705561284e-01 8.605027248582152177e-01 -2.433555678062150895e-01 3.755121733733090550e-01 -4.278245679292081438e-01 -8.221658875948578693e-01 -8.115894772107093980e-01 2.765885022696596418e-01 -5.146079292947925987e-01
8.848896993209969253e-01 4.649721720118984436e-01 2.776867461966976008e-02 -4.489944667194548655e-01 8.673147657981635783e-01 -2.148698812858353957e-01 -1.239926969256980316e-01 1.776681633917965575e-01 9.762478347356667863e-01
9.058480872101543069e-01 4.199536508653711753e-01 5.548129434819170508e-02 -4.162654198506146042e-01 9.067614937345068737e-01 -6.713191280574092035e-02 -7.850059320983687750e-02 3.771637052013373376e-02 9.962003474504973477e-01
9.015207074511022434e-01 4.309517816990542372e-01 3.925526572671335368e-02 -4.261903327671417441e-01 8.999416994551375781e-01 -9.201487834927504772e-02 -7.498142631810328362e-02 6.622310346253505731e-02 9.949835608064554471e-01
9.113943802902111369e-01 1.536580345102331879e-01 3.817715180652878071e-01 -2.413708655323753560e-01 9.509511071185234865e-01 1.934737634466413003e-01 -3.333172495499960863e-01 -2.684794224898938153e-01 9.037800677443150743e-01
9.223205585168030574e-01 1.933489746546369348e-01 3.345757931130897145e-01 -2.629504765409618194e-01 9.484808327589367982e-01 1.767516811116517927e-01 -2.831639705614638625e-01 -2.509985734798397261e-01 9.256445764368481655e-01
4.320023894550450438e-01 -1.326436501889741437e-01 8.920647944906674454e-01 -3.807492493403812767e-02 9.855609648671544987e-01 1.649844981244940612e-01 -9.010683856380707901e-01 -1.052389974993531152e-01 4.207142947523084819e-01
8.086605875915402475e-01 -1.444997633500939294e-01 5.702524637981599698e-01 -2.537109057699135292e-02 9.598943609218758555e-01 2.792116108497600391e-01 -5.877281359940487171e-01 -2.402553522029230448e-01 7.725626213445809798e-01
7.156957072746574777e-01 -1.078392355849707995e-01 6.900364873375007813e-01 -9.590558987117452083e-02 9.634729734724490902e-01 2.500438905864716954e-01 -6.917960482830830538e-01 -2.451336954737281526e-01 6.792110856893487369e-01
8.241157141073436332e-01 -5.415256362200805418e-01 -1.660821335297091028e-01 5.142863354638851359e-01 8.382482090506317984e-01 -1.812443245415878423e-01 2.373664991452486828e-01 6.395252410847600266e-02 9.693127564123374951e-01
9.415648140618452233e-01 -3.323143382249365008e-01 5.498073781612729249e-02 3.140886775297200284e-01 9.251763398839851771e-01 2.130658179213751613e-01 -1.216717040577420805e-01 -1.833464500037989275e-01 9.754896594545171551e-01
8.917735144707911177e-01 -4.517024707605531431e-01 2.654951595087102698e-02 4.523808071432844913e-01 8.912790344154239985e-01 -3.119756624962751607e-02 -9.571009184216364499e-03 3.983165475248418713e-02 9.991605652060505660e-01
6.081189594722706815e-01 4.173181874233972688e-01 6.753050137352851756e-01 6.888442868250389817e-02 -8.752063976754597130e-01 4.788201091777894436e-01 7.908516084673841151e-01 -2.446615865100107423e-01 -5.609763287973534851e-01
6.636579756996168200e-01 6.115419239568348209e-01 4.307836655833873207e-01 -4.529520306326009216e-01 -1.297749103604858290e-01 8.820390754307493308e-01 5.953087847798738119e-01 -7.804966033776834511e-01 1.908730019667766453e-01
8.016465048249555858e-01 -5.957112946779440366e-01 -4.990926462151910187e-02 1.663598991678252592e-01 3.024999412542204169e-01 -9.385191364538415515e-01 5.741839994729948105e-01 7.440576852195811552e-01 3.416004915319574842e-01
8.313974039107183689e-01 5.282766471907841543e-01 1.723430903847959772e-01 -5.388422089061939424e-01 8.422186550813915984e-01 1.779918352020081612e-02 -1.357476728036683122e-01 -1.076639264830887149e-01 9.848761588456856897e-01
1.072693867410199758e-01 -9.331906583140169298e-01 -3.429992330948531398e-01 -1.658878591416064474e-01 3.233546849126884282e-01 -9.316238328501641464e-01 9.802930668211523590e-01 1.568341256884737134e-01 -1.201189417282385874e-01
-4.182346251546766869e-01 -4.603140677411931558e-01 7.830649764619049824e-01 -8.595994707335535834e-01 4.791707704229723475e-01 -1.774376585926724370e-01 -2.935447976652313384e-01 -7.473328119464657249e-01 -5.960915365544682265e-01
8.426333409823925091e-01 4.074498292967358437e-01 3.520705742758293288e-01 -4.932209218212054713e-01 8.463758567184134218e-01 2.009503208308272837e-01 -2.161068600084040947e-01 -3.429760134036095032e-01 9.141472962751000519e-01
8.195794930136939271e-01 1.009934347902161356e-01 -5.639944864630249688e-01 1.264274020958310041e-02 9.809155585525896059e-01 1.940227515253153678e-01 5.728259908134493150e-01 -1.661475041002291597e-01 8.026614424088494015e-01
9.189916193101328734e-02 -1.192908959270370384e-01 -9.885971000287742116e-01 6.115894195033746428e-01 7.902378920994468370e-01 -3.850267317665956313e-02 7.858199068411939603e-01 -6.010771631322787689e-01 1.455792498021237502e-01
-4.065147309844643342e-01 9.136192156181425217e-01 -6.760351020381587424e-03 6.039462483905301271e-01 2.631589246470470433e-01 -7.523272621895434886e-01 -6.855615964649950378e-01 -3.099150032378233943e-01 -6.587548771891312827e-01
7.197125517870954781e-01 3.907272327958880576e-01 5.738868114461033176e-01 -3.539607858659760686e-01 9.176092003670439645e-01 -1.808455624860482447e-01 -5.972651043458407916e-01 -7.297660552137552603e-02 7.987169775191520493e-01
9.618459892660902177e-01 -6.138422262251255063e-02 2.666163351067713516e-01 -1.672647993525085836e-02 9.594888283202789303e-01 2.812497345733043774e-01 -2.730796913022131567e-01 -2.749784819610587849e-01 9.218537392974439637e-01
8.688458307971984595e-01 2.668456057130703107e-01 4.170136029171599978e-01 -3.378319209281364643e-01 9.352881515671896961e-01 1.053834272551188861e-01 -3.619067773727531745e-01 -2.324424579323971785e-01 9.027701746524496862e-01
5.764680871327038103e-01 -8.078872595434234416e-01 1.224855925608347301e-01 7.854960741988463724e-01 5.891952210932196454e-01 1.893275174376735925e-01 -2.251232150084968020e-01 -1.292931971642423059e-02 9.742445128179623159e-01
3.092096791556490087e-01 -9.348500954134740804e-01 1.744840205344875550e-01 9.319180328446745598e-01 3.344278184584411062e-01 1.403097085024419266e-01 -1.895208547241509500e-01 1.192196852308666649e-01 9.746119803686391636e-01
-8.603759795317555970e-01 5.076305133107221756e-01 4.543606277688916339e-02 -2.531257591871037826e-01 -5.029869704921827722e-01 8.263966708252451498e-01 4.423579137765311642e-01 6.995108072581789349e-01 5.612522664972382502e-01
5.050897866689563198e-01 8.591665508650168093e-01 -8.195819225323865143e-02 -8.378512931519465079e-01 5.109037288962960943e-01 1.923085810968169496e-01 2.070978463584766949e-01 -2.846432283702890129e-02 9.779060611117564861e-01
-4.004779047303809181e-01 -1.883635218226557273e-01 8.967366566999087629e-01 7.398152180455188631e-01 -6.438877485443381676e-01 1.951461258205360594e-01 5.406393353900782461e-01 7.415711367907122931e-01 3.972170163876491689e-01
6.029140159602602855e-01 -7.074965383213190906e-01 3.687049465657076808e-01 7.563442898848256046e-01 6.539258526272754279e-01 1.800817659591600825e-02 -2.538464191539639425e-01 2.680104989156974482e-01 9.293720288203584090e-01
6.439869700008293840e-01 -6.920242426478958597e-01 3.261644218132282447e-01 7.274664949064254538e-01 6.858825253288595158e-01 1.891190728260935122e-02 -2.367979756199592167e-01 2.250946668317858057e-01 9.451238594523876380e-01
9.118294942017931559e-01 -1.804749004239635524e-01 -3.687760618866993134e-01 1.551533588752473658e-01 9.830698270845262821e-01 -9.747384421334996663e-02 3.801242017202152712e-01 3.166268139245578817e-02 9.243933501889814996e-01
4.958752789657752125e-01 -8.439275609296620351e-01 2.046801886209959620e-01 7.133651685201800596e-01 5.302791831032839243e-01 4.581638618545656461e-01 -4.951947536604059952e-01 -8.118041556081045940e-02 8.649808645724970102e-01
7.712413334444284674e-01 -6.037697660363972041e-01 2.016156621079186195e-01 5.953903961901283459e-01 7.962763117447855254e-01 1.070248171158609957e-01 -2.251601246034080350e-01 3.749806627648590018e-02 9.735999246682911501e-01
6.182976737261154376e-01 7.072357954233542410e-01 -3.428199474020872106e-01 -6.376572531844417746e-01 1.964115662816487140e-01 -7.448595331282686915e-01 -4.594575215688028735e-01 6.791465425831786362e-01 5.724148491882158352e-01
1.771333532438006120e-01 8.009156762004100427e-01 -5.719771453345376955e-01 -5.081776215812000563e-01 -4.232712874663075997e-01 -7.500646119706549930e-01 -8.428400085975282785e-01 4.235274451827821252e-01 3.320319609378949988e-01
8.834772189654869212e-01 4.675185038361393541e-01 -2.990739272866807866e-02 -4.664255769599532919e-01 8.837833192432122953e-01 3.707055145294330112e-02 4.376282356731314022e-02 -1.880141479432643342e-02 9.988650169443056281e-01
9.575632156305569076e-01 2.804404929394189172e-01 6.652682159222149394e-02 -2.879830044721916615e-01 9.215056186352865719e-01 2.605632053049077301e-01 1.176763385040397770e-02 -2.686643347068858878e-01 9.631619791343869474e-01
6.689804594290429396e-01 5.707805620827722803e-01 -4.761036597744039423e-01 -6.787890536285359211e-01 7.301303564725450945e-01 -7.845433851197031183e-02 3.028375233952742551e-01 3.756583720692895367e-01 8.758825388818228808e-01
9.211269930947471041e-01 3.486167526480255519e-01 1.731803174883774221e-01 -3.494631436085657294e-01 9.365727099134126821e-01 -2.659079360729482353e-02 -1.714659553714638074e-01 -3.602664040112734528e-02 9.845311103921293716e-01
8.293888574912079426e-01 1.075979581939635887e-01 5.482123698548935220e-01 -9.789627492083850802e-02 9.940860378604551295e-01 -4.700285829101797513e-02 -5.500276742365353133e-01 -1.468430193751048274e-02 8.350173224853217890e-01
1.137615803807828091e-02 7.939003235330857611e-02 9.967787145556596951e-01 5.810747441916001010e-01 8.107294178798465367e-01 -7.120359995724653834e-02 -8.137706831110096406e-01 5.800129599820557091e-01 -3.690855675714121292e-02
8.311257762903804247e-01 -3.239453203654856783e-01 4.519838198420550457e-01 2.943327402641220392e-01 9.458764384916473755e-01 1.366967487359138644e-01 -4.718031178302293793e-01 1.942144483964985610e-02 8.814900030550629761e-01
-8.596707291981988686e-01 2.647044576206489253e-01 -4.369185135418225951e-01 3.660712145303157139e-01 9.157579438453907761e-01 -1.654667766542964324e-01 3.563118062205311576e-01 -3.021902354475095587e-01 -8.841509816473890337e-01
8.939306763478157558e-01 3.464950927673840497e-01 -2.843045841566028131e-01 -3.235211057085332076e-01 9.378294487711298366e-01 1.257378987368844292e-01 3.101967763299048331e-01 -2.042243143606745776e-02 9.504529889735600090e-01
-3.285064515443383293e-01 9.178983913067362277e-01 2.225894304100120291e-01 7.440117342354513053e-01 3.966623446482198667e-01 -5.376853388908178211e-01 -5.818333529574459817e-01 -1.102395458460325370e-02 -8.132333132696993871e-01
6.875130195402633371e-01 6.016409271277005540e-03 7.261471275038619000e-01 1.823596145468628360e-01 9.664911311228709945e-01 -1.806650614899101004e-01 -7.029017135737748445e-01 2.566294922262712941e-01 6.633780858415033732e-01
9.240020391387905319e-01 -3.599134399222210789e-01 1.291609361638075826e-01 3.681451975932665266e-01 9.286300518101477941e-01 -4.599282948566275897e-02 -1.033892893697028609e-01 9.004744659587120281e-02 9.905564659347753098e-01
8.808685702031944231e-01 -4.492323507556817974e-01 -1.492007274201570810e-01 4.281300273844121929e-01 8.905464874175068601e-01 -1.537258384272557343e-01 2.019288034927220199e-01 7.153494798253799691e-02 9.767842697019303300e-01
1.198583547999753501e-01 -4.804900354078382452e-01 8.687711440065314372e-01 -6.214295477061372308e-01 6.461377838430347742e-01 4.430928588097053922e-01 -7.742475650735938242e-01 -5.929884401606712041e-01 -2.211456936352705349e-01
9.365730083009835005e-02 -9.134950954758244146e-01 -3.959229982494512079e-01 -8.915400658241438014e-01 1.000559996583412631e-01 -4.417523151752028032e-01 4.431530447052147714e-01 3.943545453953643531e-01 -8.050465026906915567e-01
7.813610926619724006e-01 -3.414209850277401537e-01 -5.224045882807465402e-01 1.601141110323122951e-01 9.187330673210160059e-01 -3.609612478636035626e-01 6.031901145761766614e-01 1.983967287875615104e-01 7.725285908521274392e-01
5.136340473094850312e-01 -7.284300897605195946e-01 -4.533979154958252544e-01 -6.826527915180156947e-02 4.920606009293744809e-01 -8.678803008914015571e-01 8.552893762387117071e-01 4.767242067951916740e-01 2.030125945568182488e-01
7.584870793039423242e-01 5.802012284143218679e-01 2.967555982209727494e-01 -6.510337342097526347e-01 6.950077309002269388e-01 3.051546016527085237e-01 -2.919636021631310391e-02 -4.246537278011699446e-01 9.048849562318347362e-01
-7.019533701962810124e-01 -7.078863244745490224e-01 7.847558659861381125e-02 -9.604110024214508601e-02 -1.509771077801486984e-02 -9.952628628626419838e-01 7.057177715874537460e-01 -7.061650024967093264e-01 -5.738829248602696914e-02
-6.115681472343577341e-02 -9.651089573462966476e-01 -2.546066465409495549e-01 3.550212651452656631e-01 2.173698405221258234e-01 -9.092360825033511951e-01 9.328556937209196986e-01 -1.459967564068814783e-01 3.293405559768359803e-01
8.287732586987150984e-01 -2.231592210012580887e-02 5.591394148928638952e-01 -3.245769518007317056e-01 7.947750346533309918e-01 5.128181418900294997e-01 -4.558340575534680639e-01 -6.064937294915901944e-01 6.514450614301436904e-01
9.161598833502841988e-01 -1.600341640302170854e-01 3.674780734720689002e-01 5.875170806500353005e-02 9.605479205100249107e-01 2.718380569444080463e-01 -3.964836755013229075e-01 -2.274571580474359367e-01 8.894177512923528983e-01
8.642614932728480692e-01 -3.650050098895696316e-01 3.461551877428712398e-01 3.425184747798873386e-01 -7.697874911458345293e-02 -9.363521595100927630e-01 3.684198225940711890e-01 9.278176625502821961e-01 5.849119061434719657e-02
9.318640685051305939e-01 2.818312006847067952e-01 2.284743577508907830e-01 1.312067337822105939e-01 -8.489020340959384514e-01 5.120059858224144111e-01 3.382516087755824130e-01 -4.471426068139725540e-01 -8.280394545746813106e-01
9.286401218186670636e-01 1.894361037806592263e-01 3.189694134756721478e-01 -2.701871261490449982e-01 9.345391996224108322e-01 2.315931804531899396e-01 -2.542173106063610466e-01 -3.012481484648611985e-01 9.190337926510439015e-01
9.333438457854246195e-01 1.195522731293837404e-01 3.384915353802385174e-01 -2.594788074822326762e-01 8.762678684816354036e-01 4.059869100528366581e-01 -2.480725982491264747e-01 -4.667567639105497657e-01 8.488805035702486901e-01
9.341738849847192050e-01 2.767011441244484060e-01 2.252901006541969398e-01 -3.201007311572940384e-01 9.288443825506141893e-01 1.865037128765382191e-01 -1.576536537005176208e-01 -2.463424239638589974e-01 9.562744039398354268e-01
-2.470322142678088306e-01 -5.515895242343429317e-01 -7.966957272816737046e-01 -9.623632040800981224e-01 4.354005125198244508e-02 2.682560854289471886e-01 -1.132790737366406036e-01 8.329785475580425702e-01 -5.415852571492900669e-01
9.244652345796900983e-01 -1.122545750974618950e-01 -3.643664919050692563e-01 -1.148023262570229963e-01 8.293641766967497775e-01 -5.467865107133664804e-01 3.635718030038835313e-01 5.473152407724553026e-01 7.538312618077701588e-01
9.044316592090335671e-01 -4.184735587671789547e-01 -8.296538093160828187e-02 4.178405915780397106e-01 9.081570459447105836e-01 -2.569085305493797738e-02 8.609653796819158322e-02 -1.143068299398765711e-02 9.962212232411948865e-01
9.666275773883015177e-01 -2.505394984230001620e-01 -5.348912377647077609e-02 2.135091106899463242e-01 9.032345245469426409e-01 -3.722650310180192212e-01 1.415803174343502613e-01 3.484212298302301059e-01 9.265838657772854647e-01
9.763546230288132621e-01 -2.153372297427205151e-01 -1.901387853633913078e-02 1.846313413752363464e-01 8.764048124439424159e-01 -4.447762049695094255e-01 1.124407304860868401e-01 4.307487460362815490e-01 8.954398918497692428e-01
9.516625569576295796e-01 -2.426565902076598669e-01 -1.882980533984837668e-01 1.868903070438237835e-01 9.439878884154347949e-01 -2.719538189804185380e-01 2.437424682281109090e-01 2.236171857299006083e-01 9.437080922765830326e-01
7.995380313550947138e-01 -2.175126333319556682e-01 5.598456847719893714e-01 5.631258092285058581e-01 5.956387411562799050e-01 -5.728034680538367507e-01 -2.088737882012964286e-01 7.732417114814490455e-01 5.987228041653995803e-01
-1.151256564909727692e-01 1.501017872697466282e-01 9.819447727219442479e-01 9.842562583767493489e-01 -1.162212593557340468e-01 1.331624448557810203e-01 1.341107790735863170e-01 9.818157018158731875e-01 -1.343585747322471047e-01
6.410541728593965871e-02 -5.992646691498848543e-02 9.961422157692558788e-01 9.829450201548399768e-01 1.761999209520655196e-01 -5.265619820388670741e-02 -1.723646797560238753e-01 9.825285779149494081e-01 7.019979168794354685e-02
4.766206306713807739e-01 -4.431477624927102621e-01 7.592449110900381104e-01 8.241570978783497869e-01 5.257988797647480395e-01 -2.104771152759181418e-01 -3.059376610277844133e-01 7.260548179275725378e-01 6.158299675470559897e-01
-2.005485209380119538e-01 -1.747646673153942509e-01 9.639697100053071788e-01 9.462542480348135054e-01 2.202911304696399397e-01 2.368010048806353240e-01 -2.537384259934750697e-01 9.596505243548552055e-01 1.211927484621339729e-01
8.160801366640736410e-01 5.766348194156794005e-01 -3.880071622784640739e-02 -5.755859085605163905e-01 8.169758792642582979e-01 3.537335956559951172e-02 5.209676006156324646e-02 -6.534350605758081250e-03 9.986206636422305660e-01
-4.818486308001838220e-02 9.361829822770338927e-01 3.481948343454271400e-01 -5.272665601904803490e-01 -3.199127098203640718e-01 7.871758587509467553e-01 8.483325960228446094e-01 -1.456615316075969280e-01 5.090329308943288833e-01
8.854587027134804833e-01 -3.560622585274750840e-01 -2.986344820031234248e-01 3.055530806752878026e-01 9.302482743744883154e-01 -2.031636358040676271e-01 3.501431145671744516e-01 8.864432342570056911e-02 9.324923502343589465e-01
-5.376028924852422897e-01 -7.872932205887340773e-01 3.019147475803724001e-01 8.040684423360008326e-01 -5.864754870504281792e-01 -9.757275812602857201e-02 2.538839696216725339e-01 1.903047238089010385e-01 9.483285517504783657e-01
-3.189836817845843608e-01 -8.924811444984590558e-01 3.189464178664996874e-01 9.228728713670967254e-01 -3.691042874256953432e-01 -1.098530304480501568e-01 2.157662486344921748e-01 2.593056723611933401e-01 9.413848810298095504e-01
4.715164912929606933e-01 -8.755884443849851761e-01 1.049622527304803349e-01 8.758950980800526143e-01 4.788165345827585240e-01 5.951893286587964238e-02 -1.023717519538981657e-01 6.387176425964641302e-02 9.926935187318640663e-01
9.112582116396618082e-01 -3.646858179644432152e-01 -1.913445214655767612e-01 3.960832634754045678e-01 9.033363168908946639e-01 1.646254748836472326e-01 1.128118793122372260e-01 -2.258046783430276150e-01 9.676185855617094322e-01
-4.669096043764500714e-02 7.266357551352370381e-01 -6.854344852518394759e-01 -7.127462189047835128e-01 4.565261474859322322e-01 5.325192053800384961e-01 6.998662598313657446e-01 5.134046708208805931e-01 4.965912427026463738e-01
7.979962924975091410e-01 5.479481660949206967e-01 -2.509078006628003843e-01 -4.697094757264201337e-01 8.263336458137863216e-01 3.107180622508257661e-01 3.775909500677177011e-01 -1.300980901831761127e-01 9.167876315470496751e-01
7.912023665076322043e-01 3.775309466966196570e-02 6.103880069886581383e-01 -1.001531434482354627e-01 9.926162817922020709e-01 6.842707781617593521e-02 -6.032977400008721069e-01 -1.152719435243779317e-01 7.891414422940624673e-01
-6.481189757257290740e-01 5.563576434770224344e-01 5.200076594137112984e-01 6.850701217497533468e-01 7.241754548818493120e-01 7.904959729464429430e-02 -3.325969356293140833e-01 4.074752545754915523e-01 -8.504958526169474897e-01
-7.252434924750712497e-01 5.771868590399937826e-01 -3.753361245258812207e-01 5.218249678776020195e-01 8.164440767826292022e-01 2.472200889614366848e-01 4.491331423109425902e-01 -1.656500039563150312e-02 -8.933112678343376745e-01
7.082612722047336717e-01 7.978753821554450398e-02 7.014270589594012728e-01 -1.820841932777690630e-01 9.806203435436673388e-01 7.231243590616939776e-02 -6.820640122842697162e-01 -1.789348780249476190e-01 7.090634615976774136e-01
3.427195970457757451e-02 8.914614790475672290e-02 -9.954287503843511908e-01 7.813059912997798451e-01 6.186973440003727953e-01 8.230762106848271698e-02 6.232065313658675665e-01 -7.805552900599853627e-01 -4.844644901637275292e-02
-5.836193451225408779e-01 8.087713423589293349e-01 -7.264554891851650320e-02 3.060780339720119980e-01 1.362385917776094968e-01 -9.422076645996264599e-01 -7.521334303955413692e-01 -5.721258269728698442e-01 -3.270586201157912321e-01
8.349844711087925919e-01 1.518755171992712712e-02 5.500638792721486148e-01 4.633181675084503681e-02 9.941290742855150020e-01 -9.777906942076826369e-02 -5.483195197726744574e-01 1.071294634215060465e-01 8.293786724429823565e-01
6.812005719138091164e-01 -6.783185447006855329e-01 -2.754083018709558295e-01 6.576585330499046256e-01 7.322607641470635365e-01 -1.768599083947697270e-01 3.216380492587079809e-01 -6.064754905107717919e-02 9.449184303754214476e-01
1.567134850061271123e-01 1.417294628917446786e-01 9.774219370188352851e-01 -7.967483475800680726e-01 6.029650843031318930e-01 4.031349327146100531e-02 -5.836376909056382178e-01 -7.850769812316082952e-01 2.074154750605652908e-01
9.520218692874332644e-01 4.723689044675088988e-02 3.023624258723021097e-01 3.152089482204998433e-02 9.676252336798480957e-01 -2.504153356638467720e-01 -3.044023547676315555e-01 2.479316101809961592e-01 9.197114346820856046e-01
9.188572601014252106e-01 5.607256301553076999e-02 3.905857181666674838e-01 1.231063699631412996e-02 9.852962992996523450e-01 -1.704102426591637132e-01 -3.943980017389123183e-01 1.613910476553126472e-01 9.046563689938150743e-01
