2.971266023524256616e-01 -7.241384903275628337e-01 -6.223658321281960726e-01 -9.548369948779754646e-01 -2.243490810436938876e-01 -1.948173581774679253e-01 1.447545129280988427e-03 6.521433405785638238e-01 -7.580943001712453500e-01
-3.277465452899502307e-01 -9.197407061552729246e-01 -2.160074894338210871e-01 -4.278065525481480891e-01 -5.937428141068147591e-02 9.019180940106668043e-01 -8.423560741440471178e-01 3.880099588257561183e-01 -3.740113851270623901e-01
-6.670304642163559228e-01 -1.539640180880750067e-02 -7.448713382985376885e-01 -6.829021599920079844e-01 -3.870627933907775375e-01 6.195377582123448024e-01 -2.978506331797237672e-01 9.219248043001500026e-01 2.476684387049903902e-01
-9.138372147251786481e-01 -4.030637871027230035e-01 4.940777782635318721e-02 2.798467764570170546e-01 -5.369184299487723688e-01 7.958670625726144143e-01 -2.942572457730545099e-01 7.411195471094770282e-01 6.034521440862565811e-01
-9.003430333913505779e-01 4.098493360710038225e-01 1.463077029613240876e-01 -2.784561924696386526e-01 -8.009278781224563604e-01 5.300723374423265133e-01 3.344317136561264503e-01 4.365066503140784260e-01 8.352349209250112816e-01
-6.678986282313825740e-01 -2.319905049171930855e-01 7.071717104317053471e-01 4.291141947154884506e-01 -8.963762464189899415e-01 1.112233462429566833e-01 6.080891631169854650e-01 3.777433394304507974e-01 6.982388840616199355e-01
-4.249240787009844200e-01 2.082366032521453525e-01 8.809523508148034976e-01 -3.244141137652515883e-01 -9.435706087721618118e-01 6.655816291964791742e-02 8.451005917226813713e-01 -2.575112101003379506e-01 4.685007647193691338e-01
-7.521271719468186623e-02 -4.591897114195510055e-01 8.851484938125478985e-01 -9.171046764546796071e-03 -8.873067033888094590e-01 -4.610886097297631769e-01 9.971253376950339753e-01 -4.279746543561668837e-02 6.252549782970065473e-02
1.146976746135591335e-01 -3.263750086471829404e-01 9.382557205627867214e-01 -6.605220552182482496e-01 -7.305167280669164764e-01 -1.733664459596164775e-01 7.419939743747948624e-01 -5.998538686588248403e-01 -2.993664614590915152e-01
3.147399132194231841e-01 -7.872583539438288147e-01 5.302481222713411046e-01 -5.731434788587689289e-01 -6.029275061507606281e-01 -5.549639402416092215e-01 7.566011760949739040e-01 -1.292389510653731977e-01 -6.409773427034877180e-01
3.219300165355422072e-01 -7.886389487758855843e-01 5.238412669187986204e-01 -9.155555317908086188e-01 -4.002119578306950198e-01 -3.985545152889336668e-02 2.410791004228187151e-01 -4.667751035380831581e-01 -8.508829943396072348e-01
3.266924391455889309e-01 -9.440526939716490373e-01 -4.512827506096080826e-02 -9.159293092336157072e-01 -3.044602843039743711e-01 -2.614907948061929166e-01 2.331213218303660184e-01 1.267613753728442372e-01 -9.641504047718113535e-01
1.831078308142588540e-01 -9.830736359846272698e-01 -6.143982947726122495e-03 -9.426729708733017077e-01 -1.773495410528465044e-01 2.826920767783351884e-01 -2.789967603385389849e-01 -4.597136630893073478e-02 -9.591910347789379676e-01
5.664524265926212943e-02 -8.689972699244189469e-01 -4.915638934543301031e-01 -9.750217258422075872e-01 -1.540600035195031081e-01 1.599942169306567963e-01 -2.147648728720706890e-01 4.702225645154403111e-01 -8.560179841573224424e-01
-1.612601215110501807e-01 -9.251180410632299234e-01 -3.437321388953523682e-01 -7.608148416782545276e-01 -1.053116583897255737e-01 6.403672628182192073e-01 -6.286143093283304006e-01 3.647822154471601630e-01 -6.868609651167606467e-01
-3.376386366236936443e-01 -6.285148385672755245e-01 -7.006919785181253690e-01 -8.228544304376924634e-01 -1.643847194048294325e-01 5.439561106700214754e-01 -4.570675413633683015e-01 7.602280984855447343e-01 -4.616735869692983885e-01
-5.338002087845103993e-01 -7.093708640852443015e-01 -4.602720003308559682e-01 -4.760617397361165404e-01 -1.977529983408491676e-01 8.568891244534654339e-01 -6.988723467565699510e-01 6.765254827677658067e-01 -2.321437358724251221e-01
-6.849447154267472859e-01 -3.121028231867367664e-01 -6.583635504550967577e-01 -5.829527559244934709e-01 -3.072826624498186665e-01 7.521591917392149718e-01 -4.370547118714206425e-01 8.989823096794617996e-01 2.853043487874139944e-02
-8.270086972634669298e-01 -4.384950670075075663e-01 -3.518219590370467165e-01 -1.796026046932114040e-01 -3.869388679843892564e-01 9.044452536391429653e-01 -5.327283726609627346e-01 8.111722311895556148e-01 2.412469529526980738e-01
-3.176622242637761051e-01 9.481651073056444057e-01 8.581408035193763273e-03 -8.490959450216373217e-01 -2.884762231553618106e-01 4.425127623265022736e-01 4.220506929547726549e-01 1.332831495804853161e-01 8.967211465189736108e-01
-2.874656182818327022e-01 9.576096701565603997e-01 -1.863432125106931000e-02 -8.802050971761479214e-01 -2.564587495085706714e-01 3.993343169646559887e-01 3.776274688247294176e-01 1.311969108750071500e-01 9.166159857682409928e-01
-8.657624573769071574e-01 -4.185387028572812862e-01 2.743733252472690398e-01 4.415841641677726442e-02 -6.099968979248152623e-01 -7.911724330268747885e-01 4.985031611296580900e-01 -6.728514982762887620e-01 5.465944196669881849e-01
-2.233451817018282382e-01 -9.005194054788757674e-01 3.730706771733069971e-01 9.044866360100662916e-01 -3.341382419275473747e-01 -2.650576551634796219e-01 3.633467422308497841e-01 2.782380916365335688e-01 8.891359340802105216e-01
3.471118238325969219e-01 4.694014106938794728e-01 8.118963587762935141e-01 4.073844304186911847e-02 -8.724536604863204481e-01 4.869958824903393713e-01 9.369385043929683299e-01 -1.359666354022777690e-01 -3.219616639341577047e-01
1.911000203522206509e-01 6.035782482794276316e-01 7.740633568547983234e-01 -5.124690742898090345e-01 -6.112355376132898588e-01 6.031306371385378728e-01 8.371715655216244167e-01 -5.119418089612627343e-01 1.925080624793225614e-01
-1.979985360149444096e-01 -9.754643290484992235e-01 9.625966180025878616e-02 -1.190887392717108473e-01 -7.353702787305591015e-02 -9.901566430167864086e-01 9.729411348661406445e-01 -2.075130075093098436e-01 -1.016065932891556528e-01
-8.807897776022101111e-01 1.723096967344595887e-01 4.410427825990668182e-01 -3.985402808993834811e-01 2.331850920854607601e-01 -8.870120389993226828e-01 -2.556853773137791053e-01 -9.570444510263740323e-01 -1.367146904598646739e-01
-9.000287681354729452e-01 1.165718693919070154e-01 -4.199514445683206754e-01 4.199107874564398935e-01 4.899872687357239576e-01 -7.639289280126904114e-01 1.167182381046584505e-01 -8.639001538044670525e-01 -4.899524233539034324e-01
-7.467441287639602354e-01 6.584018086918556056e-01 -9.423515515903385653e-02 4.828825237200283782e-01 4.392479045257824954e-01 -7.575524712226113788e-01 -4.573813227956845529e-01 -6.112023696624568903e-01 -6.459365207794551811e-01
-5.333003402239419044e-01 6.965445829611149886e-01 -4.800170737219188188e-01 8.417694295427327056e-01 3.807845641657768287e-01 -3.826582589993079986e-01 -8.375544522196703978e-02 -6.081354780315040287e-01 -7.894024738718926626e-01
-3.991346015422894689e-01 -2.839246395533411293e-01 -8.718247351997895356e-01 5.574521295794556686e-01 6.797837764319730747e-01 -4.765932652977957207e-01 7.279688819441443304e-01 -6.762254182995421914e-01 -1.130508317819990810e-01
3.573533193502281824e-01 -8.678468108010973792e-01 3.451673769807025449e-01 7.388538756433613020e-02 3.946805721933898670e-01 9.158428879658162547e-01 -9.310421873652353630e-01 -3.017766705950990502e-01 2.051616105188671657e-01
8.523483664087014855e-01 -4.170791542618650927e-01 3.155110796162721165e-01 -3.036033814151101740e-01 -8.858523966259821414e-01 -3.508425831983838505e-01 4.258253739195558274e-01 2.032498720103191880e-01 -8.816814846950453699e-01
8.234771202013958513e-01 2.840334060070318078e-02 5.666380526822534236e-01 -1.143758469117105298e-01 -9.699293765049570304e-01 2.148375438230811785e-01 5.557009970731067172e-01 -2.417235090665071640e-01 -7.954659936267103326e-01
3.203446387837738940e-01 -1.100142741366756938e-01 9.408911583645975796e-01 8.527190517519197543e-01 -3.991311494100877044e-01 -3.369933891783173374e-01 4.126130526071615234e-01 9.102698418912726908e-01 -3.404825636412513873e-02
-2.729205783572204447e-01 9.115129924567852981e-01 3.076660892780307410e-01 7.699980387977785057e-01 1.524847432031922745e-02 6.378640170745466520e-01 5.767299005225369202e-01 4.109885018019109881e-01 -7.060248389609855568e-01
7.121884181856250606e-01 5.573098588384848284e-01 4.268411627803551656e-01 -5.219679272045555374e-01 1.382846883071170256e-02 8.528530098554956140e-01 4.694008308173701072e-01 -8.301894330158788859e-01 3.007463471710609682e-01
7.821792641763662957e-01 8.832456244009208313e-02 -6.167611939497200657e-01 -3.732716291341193343e-02 -9.814798924360301768e-01 -1.878933305165309819e-01 -6.219343064997729931e-01 1.699882125722987358e-01 -7.643963147380561374e-01
9.679186349204206286e-01 3.224570912823915975e-02 2.491861360842667350e-01 2.450595777326718683e-01 -3.401735234771847693e-01 -9.078699120945699086e-01 5.549161680176875611e-02 9.398096552855447205e-01 -3.371624123427630626e-01
1.054865941185227501e-01 9.846211258758983398e-01 1.392616851117087495e-01 9.031518237945453942e-01 -1.534681419542462399e-01 4.009542524798782037e-01 4.161602595609780741e-01 8.347914640190089164e-02 -9.054511971819074745e-01
9.920520604205689263e-01 6.331005644374655683e-02 -1.087407291146863936e-01 1.130334353546246090e-01 -6.870712805132730971e-02 9.912127788960708452e-01 5.528247377999551126e-02 -9.956260177938442979e-01 -7.531720112123098387e-02
-1.329585392558631785e-01 4.392076330420266461e-01 -8.884923645797794256e-01 2.041817418810336904e-01 -8.650842288828269888e-01 -4.581911099319059821e-01 -9.698617649548695319e-01 -2.423343393244669075e-01 2.534215584357901035e-02
2.688886212455934843e-01 6.885483702763214309e-01 -6.734983675959919092e-01 1.221561165141156133e-02 -7.016325400261134160e-01 -7.124342479194039068e-01 -9.630938106937588783e-01 1.833382681447776608e-01 -1.970720458031728628e-01
3.722652349862674570e-01 6.369406791491116770e-01 -6.750741930082112541e-01 4.902855175132981302e-01 -7.525389629139872527e-01 -4.396648958161863407e-01 -7.880600904355813396e-01 -1.673071443226775146e-01 -5.924268843673912155e-01
5.131761402665907523e-01 4.609519788419165209e-01 7.239982888535066996e-01 6.489959833765318598e-01 3.436044951774855361e-01 -6.787784354669453846e-01 -5.616533295745811394e-01 8.182048790465300536e-01 -1.228263541844355489e-01
-9.442429532494387434e-01 2.337271810688508200e-01 -2.318983615043161695e-01 2.988742140241159584e-01 9.039402322553700131e-01 -3.058860256722684690e-01 1.381283802491179991e-01 -3.581391647665987388e-01 -9.233942220038190429e-01
-9.628610029357016487e-01 -6.524870184492964631e-03 2.699187194225891595e-01 -1.075787562130356007e-01 9.261963822116960898e-01 -3.613683339608251832e-01 -2.476398599525350130e-01 -3.769849965808212966e-01 -8.925003149106712774e-01
-9.242802021809415347e-01 -3.751068339511153260e-01 -7.071754364744475829e-02 -2.942378108662829783e-01 8.181506730444217945e-01 -4.940178001383930262e-01 2.431670588566126612e-01 -4.358030969602327831e-01 -8.665710831587299934e-01
9.299675884541207527e-01 3.281434550717802212e-01 -1.657774330793597706e-01 4.120025865614804217e-02 3.550596363679563439e-01 9.339353260846926519e-01 3.653256398221914614e-01 -8.753596560933164517e-01 3.166743585652260773e-01
-9.755368690689630862e-01 1.737886259994808336e-01 -1.346303478430376233e-01 -1.538714924237864490e-01 -9.771790267710487310e-01 -1.464401360900174920e-01 -1.570075823213682720e-01 -1.221419793191473174e-01 9.800152835449051913e-01
-7.798987438327542598e-01 5.510253425262958693e-01 -2.968653251255028991e-01 -4.531847059548032575e-01 -8.242740006808961795e-01 -3.394053536557267714e-01 -4.317193204580383470e-01 -1.301669838910348431e-01 8.925665155314539412e-01
-3.538109713412955215e-01 9.206036741225773756e-01 -1.652473048208069339e-01 -9.303554692396933667e-01 -3.282243792048237796e-01 1.634241651390584971e-01 9.621069282735239536e-02 2.115599964256469623e-01 9.726180496464484904e-01
2.990981896870643086e-01 7.651154177023029579e-01 5.702093216706929368e-01 -9.448153480220052858e-01 3.211592946994585862e-01 6.465806655169770156e-02 -1.336571399812911398e-01 -5.580816293539656581e-01 8.189509532991855467e-01
1.528838902358624630e-01 7.791685696645133108e-01 6.078839166759604229e-01 8.774609452157042799e-01 -3.900034359748396628e-01 2.792124810050264361e-01 4.546304056346341937e-01 4.907073058094570950e-01 -7.433152321173784882e-01
1.681943381521778524e-01 4.210349686681375547e-01 8.913137605648031592e-01 8.897329753296645549e-01 -4.540957487656037128e-01 4.660776291594034143e-02 4.243652874877651970e-01 7.851920823031941499e-01 -4.509850293122824039e-01
3.457916852062875579e-01 3.959900813178119927e-01 8.506585483847844964e-01 9.214831224265271903e-01 -3.142429426927884073e-01 -2.282985502600380912e-01 1.769094839889993054e-01 8.628112357089990914e-01 -4.735607733005939846e-01
2.187106196046640638e-01 1.556190104171337463e-01 9.633007777786416481e-01 9.756349967263108214e-01 -1.729254943156460778e-02 -2.187174453421768250e-01 -1.737866608791130418e-02 9.876657791636546113e-01 -1.556094169195939292e-01
-5.000771240646122440e-01 1.808956602714314466e-01 -8.468763959883575110e-01 1.385126842308362916e-01 9.820567674543357883e-01 1.279794585248343886e-01 8.548316245287345128e-01 -5.330352326163836224e-02 -5.161604674066594400e-01
-6.989515063820754825e-01 -7.104884706002631001e-01 8.168797261731076953e-02 -5.959525119588928721e-01 6.417702251133832192e-01 4.826712977252773928e-01 -3.953573006991439875e-01 2.886816781543581900e-01 -8.719836543662216055e-01
-3.691357657880903753e-01 -7.984456513933371191e-01 -4.756294021474177791e-01 -9.293003550102854060e-01 3.105994404909969697e-01 1.998220151645898057e-01 -1.181679287276505078e-02 5.157640248580254161e-01 -8.566491896152432783e-01
4.863249991437530728e-02 -9.831823662476109060e-01 -1.760321409624598099e-01 -7.714890006930006372e-01 -1.489121396492404104e-01 6.185708500041047220e-01 -6.343812747565882315e-01 1.057242137111176900e-01 -7.657563508540902175e-01
-1.509334331003552299e-01 -9.154756394181349233e-01 3.729925634707720872e-01 -4.145499971945781348e-01 4.011513727572738608e-01 8.168389535036454374e-01 -8.974226421249447139e-01 -3.133575859799992563e-02 -4.400575776356682178e-01
8.108547753472188091e-02 -8.518699025625775523e-01 5.174387059749121498e-01 -4.476091432067417220e-01 4.327295412833563337e-01 7.825542786404167117e-01 -8.905454509741167479e-01 -2.950640832238335953e-01 -3.462166757113036009e-01
-7.601274807806046585e-01 -6.371514940189045850e-01 -1.274526838933176531e-01 -4.372521029002429671e-01 6.466685281131909768e-01 -6.250043305907847513e-01 4.806420825015710885e-01 -4.193540132363085537e-01 -7.701463498005786112e-01
-6.216816507177664874e-01 3.650103132496452796e-01 6.930219306647004140e-01 -6.782308442064488574e-01 1.917296583387496645e-01 -7.093959825656714901e-01 -3.918097078019393553e-01 -9.110473145422813834e-01 1.283664424117801073e-01
-8.171779520337614233e-01 1.562384952584617570e-01 -5.548060267420307223e-01 5.122032332325888726e-01 -2.445790098455078720e-01 -8.233036838306223570e-01 -2.643256373793312353e-01 -9.569590589687539950e-01 1.198387119492188291e-01
-6.685848821300229838e-01 5.367602390756587294e-01 -5.146675637094544342e-01 2.879962331733579295e-01 -4.511888418225014075e-01 -8.446814776546407444e-01 -6.856036938823624194e-01 -7.129635858599733256e-01 1.470731116572582542e-01
-6.781287590033943102e-01 7.231218027631609591e-01 1.312868789372066969e-01 -2.709640657202074254e-01 -7.994470050025130614e-02 -9.592639469667879615e-01 -6.831689844400811173e-01 -6.860784964058279645e-01 2.501528242267654911e-01
7.790102090920357492e-02 9.652942255021280671e-01 2.492759297516526640e-01 -1.843211693450985400e-01 2.596703820849144972e-01 -9.479435632985386828e-01 -9.797740236771740330e-01 2.789894048385312478e-02 1.981527482709213028e-01
-3.050087877367015921e-01 8.939693422806127554e-01 3.283115204584757252e-01 2.761571302617622514e-01 4.129495708765021367e-01 -8.678766567424778255e-01 -9.114312254959097137e-01 -1.740444396563162743e-01 -3.728292561156421603e-01
1.523431436316249887e-01 6.544310950877284538e-01 -7.406156279546840526e-01 8.363979178207022747e-01 -4.845875002134615306e-01 -2.561512789389547295e-01 -5.265264377537260954e-01 -5.804264780479482244e-01 -6.211883884356073082e-01
3.343216108569442291e-01 6.774144562349831977e-01 -6.552394333355415768e-01 5.316903162585745468e-01 -7.096096690440384380e-01 -4.623413513801980512e-01 -7.781609525740004196e-01 -1.938137561760587546e-01 -5.974125541081742874e-01
4.790716882971700619e-01 4.016477485336876208e-01 -7.804930515833685689e-01 5.228639555114847903e-01 -8.447861895533423926e-01 -1.137962124450029866e-01 -7.050557435401710871e-01 -3.535751405822584181e-01 -6.147202766000589014e-01
2.246954938813046920e-01 3.119545962870335365e-01 -9.231447691910682485e-01 9.733684422974743233e-01 -2.766687849002755217e-02 2.275706909380175169e-01 4.545118886041665807e-02 -9.496940947957989154e-01 -3.098633823819181288e-01
-1.638455776459913082e-01 9.386255087298809308e-01 3.035404108968422499e-01 9.766221589183996521e-01 1.977416241123755580e-01 -8.430544942626365390e-02 -1.391538191909074407e-01 2.826312163491011553e-01 -9.490815613790060112e-01
4.265979209237245606e-01 8.592254490979364112e-01 2.823930620358900412e-01 4.566440149734281029e-01 6.489357643336257642e-02 -8.872795880254630285e-01 -7.806986982520872642e-01 5.074647291784305514e-01 -3.646766940556513403e-01
2.521225098514021101e-01 4.493964917562258687e-01 8.570163552835070586e-01 -1.534419624078902644e-01 8.929874189165237786e-01 -4.231182267750003834e-01 -9.554526697846656980e-01 -2.482464207197107586e-02 2.940985089172560296e-01
-8.790525917023205293e-01 -1.335557003734194337e-01 -4.576345877653903993e-01 1.376024115469441922e-01 -9.901805610119739365e-01 2.465832375645097760e-02 -4.564341325513453507e-01 -4.129565947866626480e-02 8.887983748580569054e-01
-9.024808059845187413e-01 1.179848758890988392e-01 -4.142559159396133617e-01 -2.025001205648144786e-01 -9.650588158898371072e-01 1.662984757733554642e-01 -3.801606186873772164e-01 2.339680553723939571e-01 8.948390095790926813e-01
-9.159167903251658194e-01 -2.408010767460502799e-01 -3.211094433964672978e-01 7.420364645792351665e-02 -8.878364684719001199e-01 4.541367900794782142e-01 -3.944493022592310272e-01 3.921240195260773387e-01 8.310526465019647535e-01
-6.779009396868869164e-01 -6.154008461058910751e-01 -4.021593149285362379e-01 5.841892407765229001e-01 -7.830350474892242563e-01 2.134924948669122136e-01 -4.462883002416555001e-01 -9.021038197293038130e-02 8.903307475605413135e-01
-5.599174065996272986e-01 -8.155120167607452508e-01 -1.463989354659714359e-01 7.650102284401165686e-01 -5.767037129446965782e-01 2.866568991979817072e-01 -3.182009556377042303e-01 4.850750451861210455e-02 9.467814815661682593e-01
-7.727230638687062614e-01 2.457487633049312004e-01 5.852406444356510473e-01 -3.019559813708859730e-01 -9.533204896478310042e-01 1.621521496901281740e-03 5.583203846177429153e-01 -1.754639260694820235e-01 8.108580386039090371e-01
-5.420801049337374833e-01 -2.149932232241948682e-01 8.123589562519144547e-01 1.190494341814563595e-01 -9.766154833193245732e-01 -1.790235458313723937e-01 8.318511838400564073e-01 -3.342284158514178074e-04 5.549986452553401506e-01
2.282394893237578715e-01 -9.584949169782793765e-01 -1.708631898333630994e-01 8.730054018090978030e-01 1.237893492727983602e-01 4.717390861681412528e-01 -4.310084731479952302e-01 -2.568339758159321473e-01 8.650248579903442314e-01
-9.820017384754423651e-01 1.788546934565267699e-01 -6.069253874885394140e-02 4.489067668104543274e-02 5.331553174091165914e-01 8.448255646377557104e-01 1.834595671485332591e-01 8.268956440488464121e-01 -5.315883567900228091e-01
-9.020987197424393811e-01 2.833207260605350442e-01 -3.254954162865948963e-01 -2.078383680331708783e-01 3.757763270203893224e-01 9.031031861445146802e-01 3.781813224001954743e-01 8.823386641395678520e-01 -2.801024261802144699e-01
-7.373504277096555315e-01 3.369916520930880122e-01 -5.854493771249220657e-01 -2.949178378206786522e-01 6.191229452623944196e-01 7.278119589459862704e-01 6.077316971259307810e-01 7.093119236761702417e-01 -3.571257190951762084e-01
-7.539007833883916154e-01 3.123024777768802496e-01 -5.780145077597889092e-01 -2.941732482229557077e-01 6.262072505460573035e-01 7.220294865124990968e-01 5.874484733458120722e-01 7.143750007789809731e-01 -3.802271024344610617e-01
-7.747515886834558385e-01 4.841004030542238046e-01 4.067023181581332358e-01 6.078423297675940029e-01 3.932259816767811889e-01 6.898558033944743872e-01 1.740335541646059470e-01 7.816777642334917786e-01 -5.989091708496082633e-01
-5.152469618226596104e-01 -4.027962396984074434e-01 7.564890994702712090e-01 3.066088680217115003e-01 7.376235124846096669e-01 6.015833740058907919e-01 -8.003196676222341654e-01 5.419102721989037530e-01 -2.565573746793231580e-01
-6.936956146015141877e-01 -5.570578619756418881e-01 -4.565883624160321785e-01 -3.303746230507024206e-01 8.093825717268648967e-01 -4.855434697624020357e-01 6.400304701549243136e-01 -1.859741675500470870e-01 -7.455029217094547578e-01
-4.296110890827374851e-01 -1.499390656727040139e-01 -8.904788536076199135e-01 -4.955656502742723790e-02 9.885471941166116272e-01 -1.425432982179682950e-01 9.016531811066975655e-01 -1.710910837451216915e-02 -4.321213017322828032e-01
4.246723698126146362e-01 -1.584518093123610805e-01 -8.913733238342826937e-01 -5.743058548177775169e-01 7.139670865229705843e-01 -4.005293803005254283e-01 6.998758200136363516e-01 6.820146798182135095e-01 2.122022928073589165e-01
-1.317260618964462560e-01 2.620207774657730138e-01 -9.560299978523090214e-01 -7.674280365114848346e-01 5.835049240110289359e-01 2.656618384921146103e-01 6.274571327137661303e-01 7.686788118786124224e-01 1.242192850386129033e-01
-9.596753704639962579e-02 2.876795688943599716e-01 -9.529064473882015163e-01 -7.131157411994926143e-01 6.480232208863555554e-01 2.674543789986848497e-01 6.944466656891272738e-01 7.051995255477906399e-01 1.429596365427135418e-01
-3.008131478931738156e-01 -5.135970585643014896e-01 8.035729658772109429e-01 -9.395196835004042679e-01 3.042712452978403315e-01 -1.572315922459660842e-01 -1.637504637242281069e-01 -8.022699487822032571e-01 -5.740633370204906161e-01
2.042446608573601496e-01 -5.796112577690262224e-01 7.888820624013894722e-01 -7.000517154377255968e-01 4.768174035331927962e-01 5.315757325166023950e-01 -6.842599756115800291e-01 -6.608297462699997959e-01 -3.083704464127004496e-01
8.552678208818744743e-01 -5.173627701345326901e-01 2.920134659040482528e-02 -5.047590225943952014e-01 -8.445276144834287235e-01 -1.788615036403308489e-01 1.171976265694876229e-01 1.382348452947083084e-01 -9.834408186936454133e-01
3.629312539201830501e-01 -7.747162327273187099e-01 -5.177795512346107243e-01 -5.122182961950052515e-01 2.983159947725106398e-01 -8.053818872472694457e-01 7.784043434944396544e-01 5.575144177612614271e-01 -2.885556307149663713e-01
-5.702539044090847442e-01 -2.933277659663807713e-01 7.673130431703651944e-01 -6.669945268819259532e-01 -3.799057592812309370e-01 -6.409289470561514435e-01 4.795089004551950085e-01 -8.772858347073225760e-01 2.099472805554138469e-02
2.778226995771022056e-01 -2.000807923937914790e-01 9.395649121347411370e-01 -9.533217445942930857e-01 6.301109975697227750e-02 2.953087411356291603e-01 -1.182886253339027471e-01 -9.777511328668914148e-01 -1.732354562268537956e-01
7.843282234427177979e-01 -2.381705899515801361e-01 5.728036382507591950e-01 -1.183680817540327945e-01 -9.638548266974583667e-01 -2.386899040049307863e-01 6.089484667301995335e-01 1.194095604804269600e-01 -7.841703397431009082e-01
8.655387924035192748e-01 5.617030750264691286e-02 4.976821228452112944e-01 -1.630831347412181609e-02 -9.900033281339607472e-01 1.400979985414174123e-01 5.005763056281108403e-01 -1.293766085455147208e-01 -8.559702421258426064e-01
8.798439016829933124e-01 1.732204847246938684e-01 4.425713189340103604e-01 2.351040365540579546e-01 -9.679281576186514746e-01 -8.855040194686442101e-02 4.130384978028510123e-01 1.819608346889657058e-01 -8.923505219206515626e-01
5.890645328306562956e-01 -7.973124145313870148e-01 1.315138387970268552e-01 6.353095889974995358e-02 -1.165493238275984583e-01 -9.911508827502539809e-01 8.055847524762861367e-01 5.922070319993331111e-01 -1.800105075437918867e-02
-6.450468207060959802e-01 1.263349276810185884e-01 7.536272852974403857e-01 -3.074523393143608341e-01 -9.457962848635328434e-01 -1.046061498596825012e-01 6.995624762285961307e-01 -2.991803362291229340e-01 6.489248556394986434e-01
-1.642663360085790392e-01 3.950584877899747660e-01 9.038502984894207781e-01 -6.918459036996449374e-01 -6.992735690958055139e-01 1.799047556292926731e-01 7.031115248581395472e-01 -5.957728315298645994e-01 3.881867035622802997e-01
-1.819489556104527950e-01 5.892365225481094315e-01 7.872070236269982368e-01 -9.013625414915240608e-01 -4.199004261970956109e-01 1.059679238045079935e-01 3.929887356505348817e-01 -6.902781704319709277e-01 6.075161735105369942e-01
-6.824456086541288435e-01 -7.308906454619877868e-01 -8.176527677110531980e-03 -1.890284678587127454e-01 1.872829894059359346e-01 -9.639467413805411500e-01 7.060709805449334464e-01 -6.562956241323990580e-01 -2.659695925796435878e-01
-9.467801784373677254e-01 -1.909966723905726915e-01 2.590898779455390044e-01 -3.214888215052069675e-01 5.213977590415239671e-01 -7.904361546093841007e-01 1.588179351644678633e-02 -8.316637830290588562e-01 -5.550523584604389882e-01
-6.396897061741523005e-02 3.162636018486891243e-01 9.465121789728022650e-01 -9.914850956974901042e-01 8.765824096409367827e-02 -9.629817132645845934e-02 -1.134251991749950506e-01 -9.446128132397817456e-01 3.079632401039740230e-01
-9.743961118476065497e-01 -1.709953996559622491e-01 1.459890081915926618e-01 1.015414049324624562e-01 -9.139931789846402754e-01 -3.928177845437921811e-01 2.006029917538833252e-01 -3.679361929275912768e-01 9.079545129759214461e-01
4.264124128198095720e-01 -6.257171156025350678e-01 -6.531849243784123571e-01 -5.271216196283456251e-02 7.037100762813220944e-01 -7.085291500858240665e-01 9.029916290721595740e-01 3.365564139667819310e-01 2.670878096121723777e-01
-3.742936762725866950e-01 9.064164305381623432e-01 -1.957383415501652013e-01 8.475715881583639755e-01 2.487664801158963879e-01 -4.687618172563297603e-01 -3.762002749189066741e-01 -3.413568408882475813e-01 -8.613645339400356482e-01
-5.412266421375113712e-01 7.922184511599298373e-01 2.818929716795300355e-01 4.295651703278263733e-01 5.486807966264630743e-01 -7.172329801776936575e-01 -7.228744609417183664e-01 -2.670941950981192692e-01 -6.372701190728372600e-01
-8.769089451715155192e-01 4.579044747694137607e-01 -1.461307423656202364e-01 3.767679839411808840e-01 4.660587112678133415e-01 -8.005218072784051619e-01 -2.984570122397499636e-01 -7.570421188002238733e-01 -5.812147986823711365e-01
-1.121855842684309039e-02 6.087898084966100187e-01 -7.932522379530264622e-01 7.004980218958728466e-01 5.708940263205862786e-01 4.282318671367643104e-01 7.135661603991553248e-01 -5.508674793288593774e-01 -4.328606645920556328e-01
5.958132833179421439e-01 7.957988412669563250e-01 -1.082161524914997258e-01 7.622542939676283380e-01 -6.027727816144741180e-01 -2.358672615533189965e-01 -2.529326446898586545e-01 5.804462061999351302e-02 -9.657411139986092907e-01
9.884963345326742978e-02 6.227835695981129849e-01 7.761245875533047123e-01 3.535041323985422812e-01 7.070943612916008592e-01 -6.124152125860176099e-01 -9.301954516892182445e-01 3.349002682415399557e-01 -1.502605470123010711e-01
-8.819799501076163173e-01 2.128950306245230017e-01 -4.204605493307900788e-01 3.818367118168280450e-01 -2.001409214355987509e-01 -9.022994719469927816e-01 -2.762464354830285185e-01 -9.563573168551035009e-01 9.522914144645096279e-02
5.320412984766866860e-01 6.648986272770535111e-01 -5.242536334259698672e-01 -3.099989534069716446e-02 6.340404427393888653e-01 7.726782794020455869e-01 8.461507331463509196e-01 -3.948449473096112827e-01 3.579474882995596907e-01
7.520347591208258464e-01 -3.610614022137672574e-01 -5.514330284862438702e-01 -2.748499809330376964e-01 -9.321914470935467323e-01 2.355346979677270802e-01 -5.990836411179918386e-01 -2.556892248546472485e-02 -8.002780898835989420e-01
3.347739089609351182e-01 -9.180008196794030573e-01 -2.126050915358327908e-01 -4.942989561828262796e-02 -2.424216162091528404e-01 9.689109584547532794e-01 -9.410011239622310120e-01 -3.138570615144519738e-01 -1.265331167692163583e-01
-5.645026328731842513e-01 -1.235938348197094389e-01 -8.161258122825191252e-01 -3.599147571346082985e-01 -8.529302998805150526e-01 3.781154203976234696e-01 -7.428311686217667908e-01 5.071828738633568090e-01 4.369981548973947416e-01
-3.483949247551798023e-01 1.626879437029734102e-02 -9.372066488958398223e-01 -6.233700646359603414e-01 -7.507201503574995050e-01 2.186984644732834493e-01 -7.000219560275174890e-01 6.604200043736946357e-01 2.716885696941601092e-01
-1.716003335797381124e-01 -2.868214836501814524e-01 -9.424896614987516852e-01 -4.142113934670136888e-01 -8.470065851419221747e-01 3.331797806715398047e-01 -8.938580687320765161e-01 4.475637175229120746e-01 2.654188613557114523e-02
-5.027004180020063773e-01 -7.533209436546307591e-01 -4.240281188693801884e-01 2.673287714864858722e-01 -6.019387107494921230e-01 7.524660234434282780e-01 -8.220873540422177772e-01 2.649100684242421400e-01 5.039792039075912111e-01
-9.321754844556243702e-01 6.925235323216581695e-02 -3.553209503417010251e-01 -2.003924379481790696e-01 -9.161427958578035602e-01 3.471674645052909569e-01 -3.014825649902619920e-01 3.948246309054874170e-01 8.678835024571202039e-01
-1.285412500770518607e-01 4.602131009754616975e-01 -8.784537829158564071e-01 -9.388486506916666752e-01 -3.417974828159689449e-01 -4.168563103881740145e-02 -3.194375652972981650e-01 8.193768256615618917e-01 4.760055245957944825e-01
-1.269132477298329231e-01 4.731585519896617242e-01 -8.717878252359996250e-01 -9.481627775671122027e-01 -3.160160490159676372e-01 -3.348438442852234159e-02 -2.913423669617684619e-01 8.223471538488991150e-01 4.887379499995165855e-01
-5.820498251420614944e-01 -7.920249845867132210e-01 -1.841586947241762584e-01 -5.200886834401292624e-01 1.885094120172502719e-01 8.330497961937350926e-01 -6.250806047299889423e-01 5.806553412923429747e-01 -5.216451017876656548e-01
-1.213061728178009974e-01 -9.891618265177442026e-01 -8.272661842707033919e-02 5.325230298093463349e-03 -8.398941406649003405e-02 9.964524174525545286e-01 -9.926008534947822204e-01 1.204352908613086359e-01 1.545594890590523858e-02
-1.265812508301575046e-01 -9.750122370648517389e-01 1.825604680977402638e-01 2.054834233252712528e-01 1.542754956349235429e-01 9.664241481798383493e-01 -9.704399773694403208e-01 1.598443274576611672e-01 1.808204670462054964e-01
-7.632786719764275696e-02 -9.736749943439173549e-01 2.147814286162379183e-01 1.896642300031505801e-01 1.972986320038549457e-01 9.618215685181529251e-01 -9.788776923325871460e-01 1.141501432271573163e-01 1.696119342936945329e-01
-9.681831561392553187e-01 -1.960441985456065905e-01 -1.555250731709888201e-01 -2.499151292579762929e-01 7.892842823404594421e-01 5.608678541495094594e-01 1.279860680697638038e-02 5.818908779719071944e-01 -8.131661587872944796e-01
1.698712665866048965e-01 4.501410947240744309e-01 -8.766508698614716710e-01 -9.752708671308235600e-01 2.044216109148707383e-01 -8.401512195349694623e-02 1.413877240574810124e-01 8.692438091994564298e-01 4.737348537465495002e-01
-9.258305133735906800e-01 3.741680512323559971e-02 3.760822293073198264e-01 1.579552914191995339e-01 -8.657041548166432010e-01 4.749804651202797490e-01 3.433481999648017036e-01 4.991555859925556060e-01 7.955851397263271618e-01
2.762709301293667097e-01 -9.315898090824312749e-01 2.362515624905243417e-01 3.860261705546437772e-01 3.326800528718215633e-01 8.604114004754466194e-01 -8.801466746016664011e-01 -1.465073719474946912e-01 4.515278741702076215e-01
-9.843325131102202974e-01 1.661261939747061545e-01 -5.908968869097625670e-02 1.333814873354421393e-01 9.207372862877679642e-01 3.666772811010018951e-01 1.153207807392210293e-01 3.530508990427810301e-01 -9.284698057636450175e-01
-7.596777075639090659e-01 1.018480096324319434e-01 -6.422746792178223307e-01 -3.517492052153139426e-01 7.663495599693849192e-01 5.375693895350867058e-01 5.469572901615253890e-01 6.342990894433344629e-01 -5.463537204691828464e-01
-1.283992318177324121e-01 -1.364616288636591179e-01 -9.822890924348559594e-01 -7.693714322055970369e-03 9.905950538176830911e-01 -1.366098316808575519e-01 9.916927165349893603e-01 -9.983145787706598426e-03 -1.282415407410352481e-01
1.496316966435701779e-01 -8.898749311191163081e-01 4.309674724678354552e-01 -9.866867723974505067e-01 -1.624775904126644355e-01 7.088426454172742919e-03 6.371474347016027606e-02 -4.262905576944465702e-01 -9.023396211433306613e-01
3.992592073555333854e-01 -8.696865058523856051e-01 2.902369150885184546e-01 -7.956676147603152227e-01 -4.859560175666345905e-01 -3.616072397123807902e-01 4.555273122036282984e-01 -8.655709404228593973e-02 -8.860038020841070061e-01
5.755642343587989984e-01 -6.528289102235991237e-01 4.924837318158216681e-01 -7.327975632720081789e-01 -6.790414434889673334e-01 -4.370868663122762232e-02 3.629511584078184971e-01 -3.357337218700079950e-01 -8.692234031649951342e-01
6.992644061066507488e-01 -5.496301363590100353e-01 4.570951799770913149e-01 -4.439088696579604476e-01 -8.350528919713884335e-01 -3.250101276102215220e-01 5.603340127025175921e-01 2.435940919227585350e-02 -8.279084571330928011e-01
5.050093725385192966e-01 -8.597203996995603781e-01 7.646154581669983852e-02 -5.220738670132977211e-01 -3.748099277563680665e-01 -7.661307952543403577e-01 6.873168199819009727e-01 3.469846572914922489e-01 -6.381200800588184840e-01
-2.125421687573779972e-01 -7.491547984318489561e-01 6.273698386808582717e-01 -8.869420073571508967e-01 -1.215323271906249558e-01 -4.456049472715709059e-01 4.100728009575597688e-01 -6.511505059770488213e-01 -6.386261163471590452e-01
4.746290257357004272e-01 -3.809191340140899440e-01 7.934909585314352531e-01 -8.775261944970226269e-01 -2.748155458465444956e-01 3.929684385960779958e-01 6.837445356822710596e-02 -8.828233283636209849e-01 -4.647019528646558761e-01
5.201549727871258577e-01 -1.555882745433050662e-01 8.397803838560775613e-01 4.732886687682331117e-01 -7.659734701934298728e-01 -4.350660627714239004e-01 7.109406728415658128e-01 6.237603159743907444e-01 -3.247867422095767065e-01
4.582236992986731261e-01 6.680413423710929166e-01 5.863035103801340631e-01 5.835993743397964728e-01 -7.236522904284460322e-01 3.684279208038693243e-01 6.704049609536300025e-01 1.733439570354048109e-01 -7.214631389669677874e-01
1.507020553224212300e-01 5.449163710188750231e-01 8.248363711168524848e-01 5.949660379617068839e-01 6.163444541947025179e-01 -5.158826683031552118e-01 -7.894962344392447706e-01 5.684942061086057929e-01 -2.313223582518538490e-01
-1.788472618082617149e-01 8.159717697581208018e-01 -5.497305957480330685e-01 7.051131806356102372e-01 -2.833723953936851392e-01 -6.500119137544928538e-01 -6.861698473684344490e-01 -5.038751397783434172e-01 -5.246720728948076617e-01
6.993079781714139909e-02 5.852177234232630587e-01 -8.078551229694290736e-01 3.556469272447148611e-01 7.419952174846085047e-01 5.682942550926950442e-01 9.320005078636229845e-01 -3.270524627965088471e-01 -1.562425675694287253e-01
4.001075201619362365e-01 -5.623326438444199021e-02 9.147413800012195173e-01 6.202088389231491528e-01 -7.182227885429200986e-01 -3.154314856497860142e-01 6.747258468677964638e-01 6.935371987098468693e-01 -2.524899712349652492e-01
-1.063850882593014441e-01 1.246845079170033344e-01 9.864765514098935428e-01 -1.961054069414798484e-01 -9.752511417082224687e-01 1.021169915593180266e-01 9.747947898734264927e-01 -1.825896603926521478e-01 1.282034849499762152e-01
-3.347034307098317174e-01 -4.547883610011486111e-01 8.253127650587731567e-01 4.875826127886064010e-02 -8.830124923131215109e-01 -4.668099938690599693e-01 9.410612336230472774e-01 -1.160020910020956170e-01 3.177220002691195089e-01
-6.311807749584058547e-01 -9.576848795701130290e-02 7.697007379737493826e-01 -3.792946139665390182e-01 -8.274931048741637207e-01 -4.139936680695616711e-01 6.765696011046317127e-01 -5.532481885195323912e-01 4.859732675373984456e-01
7.215259225461145842e-02 5.672902465005593697e-01 8.203510100294106877e-01 -6.839229140693451336e-01 -5.705326699455262052e-01 4.546888168140101327e-01 7.259775830160563048e-01 -5.938638301413581289e-01 3.468173874072653096e-01
-4.292495265013595573e-01 2.243245463326957179e-01 8.748847592174576748e-01 6.186231479620882823e-01 -6.327512089516678095e-01 4.657588521710338547e-01 6.580655323019395375e-01 7.411507306093902958e-01 1.328357998181666777e-01
3.458743279777351520e-02 -7.717568334365461080e-01 6.349764558914409163e-01 7.814550863907451239e-01 -3.751810627420087974e-01 -4.985650590583044495e-01 6.230021327784467378e-01 5.134496666702320633e-01 5.901167531512172548e-01
-9.766787774252869703e-01 2.100686688537457270e-01 4.438152873732819498e-02 -2.129523830103729476e-01 -9.214178695658242768e-01 -3.250236794680985142e-01 -2.738335803458670156e-02 -3.268948822034279944e-01 9.446639019735839637e-01
-5.589359902961452686e-01 7.206393224621667759e-01 4.102066865287997688e-01 -7.536172325123339233e-01 -6.478328886915224460e-01 1.112367528744359207e-01 3.459069609188550332e-01 -2.469646032346882181e-01 9.051833290207100813e-01
-8.147217646990999596e-01 7.501086895531929033e-02 5.749798393545232367e-01 3.242588634045677209e-01 -7.631229529856207172e-01 5.590165902100616702e-01 4.807126331075175507e-01 6.418852920616534563e-01 5.974099398283925222e-01
-1.578638795854207244e-01 -9.821641132028811061e-01 -1.021403458905359857e-01 9.224339537479683271e-01 -1.097615891456030363e-01 -3.702269500200165986e-01 3.524125373693903773e-01 -1.526631857542294080e-01 9.233089164630863266e-01
-3.135824878878351596e-01 -9.299692974783253518e-01 -1.918935356851462770e-01 9.258526930026594881e-01 -2.545687858066167930e-01 -2.792696262622710868e-01 2.108620737586520688e-01 -2.652392109787232721e-01 9.408428916719229207e-01
-9.444826087914557355e-01 6.088078641321635620e-02 3.228716951610873798e-01 -3.063825326292050621e-01 1.917288279864231004e-01 -9.324000215672813008e-01 -1.186690582679407746e-01 -9.795578524848141955e-01 -1.624317341074063281e-01
-9.454104705574623013e-01 -3.258582670689108007e-01 3.928351201746090385e-03 -1.594992938285133277e-01 4.521750233057035273e-01 -8.775521201425544593e-01 2.841813108360988216e-01 -8.302735320852597800e-01 -4.794651650434508805e-01
-9.312631777793389798e-01 -2.330615384253301725e-01 2.800557319876640361e-01 -3.639447130804285835e-01 6.311621459192735539e-01 -6.849661242568004793e-01 -1.712131808980131911e-02 -7.398085325713651406e-01 -6.725995804350991536e-01
-3.956849045481577454e-01 6.710962585616508935e-01 6.269475799915567027e-01 -6.832239226602967452e-01 2.410838306674191467e-01 -6.892631268937868816e-01 -6.137088298349573368e-01 -7.010765994777441446e-01 3.631157857313977999e-01
-4.302049225781521824e-01 4.888656904716414120e-01 -7.589031962439026779e-01 6.975320340362864968e-01 -3.536292577035076712e-01 -6.232137751921623670e-01 -5.730382064773055228e-01 -7.974689240188312933e-01 -1.888664320135305108e-01
-4.054649846418510450e-01 -4.655709859999148104e-01 -7.866649879233540421e-01 7.672703062756647263e-01 2.944502685291838784e-01 -5.697326710578739517e-01 4.968847183573181225e-01 -8.345913349407353410e-01 2.378295194142432956e-01
-9.857500407275371357e-01 7.568193360670027667e-03 1.680463616235554070e-01 -7.444221975339136710e-02 8.762155091338641455e-01 -4.761352092331249120e-01 -1.508483116373764699e-01 -4.818600460741058744e-01 -8.631660807015147929e-01
-4.382218018108098856e-01 6.845548753572521239e-01 5.825343552463704277e-01 -2.941321396473332572e-01 5.031894540952296380e-01 -8.125802469380036808e-01 -8.493809138685478599e-01 -5.274324562557392015e-01 -1.915899903096745030e-02
