4.579232149697513021e-01 -6.165420509042695008e-01 -6.404547046111258579e-01 -8.889906760071917269e-01 -3.164637532051257085e-01 -3.309777498255767614e-01 1.381001102024262493e-03 7.209206560878130832e-01 -6.930162339093317581e-01
-2.140472198913961066e-01 -9.638066753630696315e-01 -1.589354591724299326e-01 -3.977667636402860141e-01 -6.260632346787294022e-02 9.153480485612938145e-01 -8.921689242513982654e-01 2.591469482502602451e-01 -3.699695525481521141e-01
-5.950410351342353410e-01 1.030385100786157006e-02 -8.036292659932099403e-01 -7.529651658854666918e-01 -3.567725848568792935e-01 5.529527842932103754e-01 -2.810153473912948008e-01 9.341344407251821469e-01 2.200527690841481698e-01
-8.655833478262348057e-01 -4.916510834319297030e-01 9.510352320569857854e-02 3.374139232039562453e-01 -4.322805110085295444e-01 8.362328648351002869e-01 -3.700233943874926545e-01 7.559184955816429241e-01 5.400647328270418157e-01
-8.578051489223840198e-01 5.033315119841408336e-01 1.040563094002742439e-01 -3.544477995217874544e-01 -7.259212818692478697e-01 5.894107650386709585e-01 3.722057010530732679e-01 4.687170591871679948e-01 8.011037601525311524e-01
-6.298301456237718199e-01 -2.188236338934820002e-01 7.452718999889836882e-01 5.113462537296210586e-01 -8.390535359826205575e-01 1.857799035195768222e-01 5.846699893617083310e-01 4.981017777570290739e-01 6.403558561730088305e-01
-3.418023263608206408e-01 3.480744899256046354e-01 8.729348882690860512e-01 -3.302439531535109607e-01 -9.141250701946320723e-01 2.351898965670097819e-01 8.798352692975388578e-01 -2.078930145644365679e-01 4.273995711221977856e-01
5.046010673799319890e-02 -3.709261977330745030e-01 9.272904256290337432e-01 1.231900059129640707e-01 -9.190713906356631213e-01 -3.743420913525385418e-01 9.910993896028563732e-01 1.331222549024483337e-01 -6.820399793006506157e-04
2.913499664516117638e-01 -1.764965084374636173e-01 9.401936925751148699e-01 -5.708072861470711024e-01 -8.207672783274740924e-01 2.280607174255497999e-02 7.676550261217994775e-01 -5.433139583484811741e-01 -3.398760120009123309e-01
5.434215239196935610e-01 -6.576355988605536718e-01 5.217360122246874621e-01 -4.144083185141076431e-01 -7.506626960614412036e-01 -5.145592893808045298e-01 7.300402679901353276e-01 6.341084964806280311e-02 -6.804559289621939788e-01
5.677431737474154527e-01 -6.694153555315031090e-01 4.791145692231079667e-01 -7.931978872312890338e-01 -6.005581823354338988e-01 1.008314500628608446e-01 2.202380538304670732e-01 -4.372790315217409129e-01 -8.719416541468681947e-01
5.758458177920992016e-01 -8.131773097932052385e-01 -8.452370654931350147e-02 -7.986450642525730892e-01 -5.374007830146739773e-01 -2.708624369679560884e-01 1.748360817347306417e-01 2.234794425729156597e-01 -9.589000382057275562e-01
4.197468999615647789e-01 -9.054790254993049237e-01 -6.261209430681519139e-02 -8.340837010041550759e-01 -4.120147095481901389e-01 3.668082044272344966e-01 -3.579342393399483901e-01 -1.017428793417498867e-01 -9.281871938415132695e-01
2.709751751477451065e-01 -7.663973384324876958e-01 -5.824152934953272798e-01 -9.112452226677737466e-01 -3.992019250203928671e-01 1.013408467754843001e-01 -3.101686615678773684e-01 5.032623001016587327e-01 -8.065497248636190886e-01
2.987481552360412435e-02 -8.973545108652566382e-01 -4.402980549891252759e-01 -6.863237134539522666e-01 -3.386582571209709736e-01 6.436383652599986238e-01 -7.266823623483700256e-01 2.829584187006324858e-01 -6.259930331387322244e-01
-1.741827600328954007e-01 -5.650174123839463158e-01 -8.064835335022486618e-01 -8.116648741603421646e-01 -3.813425519713424250e-01 4.424680667689596669e-01 -5.575486509369377286e-01 7.316646648287276067e-01 -3.921814887006612738e-01
-4.034207396846656302e-01 -7.262167379448755122e-01 -5.566515573686839913e-01 -4.346545158051809410e-01 -3.832393977259187512e-01 8.149865127232712725e-01 -8.051876543281329957e-01 5.707335749361334143e-01 -1.610466632941520426e-01
-5.859848650560464112e-01 -2.778508512533739983e-01 -7.611968486423356106e-01 -6.130621264084994415e-01 -4.622587094091852866e-01 6.406806651826197907e-01 -5.298835410623138342e-01 8.420901317751741111e-01 1.005367737603188039e-01
-7.605990009000108687e-01 -4.841686319660801763e-01 -4.325157750302290882e-01 -1.602947852865837519e-01 -5.055299884101354113e-01 8.477883064940071600e-01 -6.291221992902756854e-01 7.141569621855848871e-01 3.068958972062412749e-01
-1.288299644115040443e-01 9.915381065024656548e-01 -1.596945907775148069e-02 -9.135500551820219250e-01 -1.124015058824352764e-01 3.908864261550737407e-01 3.857837955988501211e-01 6.494678459220504241e-02 9.203003739130385386e-01
-1.288299644114852260e-01 9.915381065024675422e-01 -1.596945907779293017e-02 -9.135500551820289195e-01 -1.124015058824020113e-01 3.908864261550666352e-01 3.857837955988397960e-01 6.494678459223500455e-02 9.203003739130408700e-01
-4.965068180837114431e-01 -4.913751650972065788e-01 7.155637125526149722e-01 -7.549039344793258277e-02 -7.967844779581645387e-01 -5.995295623920571249e-01 8.647439968530946652e-01 -3.516887015680600914e-01 3.585148213057686717e-01
1.651389897167779008e-01 -8.334119101105567085e-01 5.274027892997870115e-01 9.828914373605106558e-01 1.832925503532488176e-01 -1.811803930869703566e-02 -8.156921256645573159e-02 5.213716803498971153e-01 8.494221768298807484e-01
4.283696957166577834e-01 7.828188033657508260e-01 4.513248551638075479e-01 5.685747051491246706e-01 -6.217125655954671704e-01 5.386987009871916365e-01 7.022978061023712471e-01 2.584969782639117211e-02 -7.114137928562254132e-01
3.264399035998508114e-01 8.728351976151026426e-01 3.627612260729157212e-01 -1.021778806593524047e-01 -3.489510233768064462e-01 9.315540048694133102e-01 9.396790250089035457e-01 -3.411625728131449375e-01 -2.472708777499568744e-02
2.037642947554947903e-01 -9.691079429006058676e-01 1.389600920759324343e-01 2.612847783912540245e-01 -8.295882299177455288e-02 -9.616902298915450675e-01 9.435096060792539374e-01 2.322662883303885650e-01 2.363091080373239949e-01
-2.395443793613712402e-01 -9.298062055916153090e-01 2.794260373689228527e-01 2.095478100577491953e-01 -3.305356926799600803e-01 -9.202368560129404740e-01 9.480022181495026956e-01 -1.618844523353067111e-01 2.740168215196306933e-01
-2.521776370704174042e-01 -6.529180702973724770e-01 7.142159567250913055e-01 -8.696467319229238546e-01 -1.707906903005216304e-01 -4.631901356489037669e-01 4.244066458213858750e-01 -7.379217665754465028e-01 -5.247384733339200968e-01
8.796658083906000458e-02 7.677390291626529084e-01 6.346957253329130744e-01 -9.913261961376308440e-01 1.299289075517763015e-01 -1.976997303229742486e-02 -9.764350212267558504e-02 -6.274514021681598663e-01 7.725092131556942077e-01
-8.371339790295225791e-01 1.923938299891903847e-01 -5.120462042982931727e-01 5.383917903630768276e-01 1.244104452439170339e-01 -8.334604496818376340e-01 -9.664875179659322690e-02 -9.733995352866677830e-01 -2.077314696425644203e-01
-5.759119268174115458e-01 8.065459774564021078e-01 -1.334505106710095756e-01 4.184907422921845255e-01 1.506297378207131776e-01 -8.956428868136008248e-01 -7.022755521625345665e-01 -5.716592239551114840e-01 -4.242814873428332190e-01
-4.192940190748288831e-01 7.266046638332056551e-01 -5.442776755149083545e-01 8.868961522924374563e-01 1.997742450949931969e-01 -4.165398732961774209e-01 -1.939271528614465168e-01 -6.573704537721182239e-01 -7.281870267249292983e-01
1.575386944026998803e-01 -7.721692261316723815e-01 -6.155779771735722106e-01 7.428501860411478308e-01 5.033888934427215300e-01 -4.413311942941994248e-01 6.506574835230320986e-01 -3.877554747179290939e-01 6.529092823369481158e-01
-7.178123979717687675e-01 -6.172188201015220699e-01 3.221587953641877333e-01 -6.288185697393255946e-01 7.733647792168464319e-01 8.058613167206533923e-02 -2.988855427567683187e-01 -1.447337085110588228e-01 -9.432494823489848690e-01
-5.525082443745934491e-01 -2.519414962795300528e-01 7.945187992429983970e-01 -5.067315324930400378e-01 8.583659688301545909e-01 -8.019362525491655069e-02 -6.617837969271835874e-01 -4.469153678345622605e-01 -6.019209749775614737e-01
-9.589298944901701871e-01 1.585486994845899111e-01 -2.351930427219657560e-01 2.363571099276412513e-01 9.050601238484174971e-01 -3.535554960768405031e-01 1.568080802756161851e-01 -3.946244824022370201e-01 -9.053633214621867875e-01
1.958016179293001202e-01 -4.296391513191131772e-01 -8.815168325506105296e-01 -3.732591641197215426e-01 7.986022261499787778e-01 -4.721356593066713958e-01 9.068292688356033304e-01 4.214791620496686209e-01 -3.999142532371979634e-03
5.510408295789991362e-01 -8.340176177819331738e-01 -2.772394932612426768e-02 7.090966061156697142e-01 4.855024159041619325e-01 -5.113407937437235429e-01 4.399272750491010076e-01 2.621106968068479537e-01 8.589307162322822320e-01
5.934570493826980542e-01 2.156633857296960111e-01 -7.754340942940196602e-01 -2.512255111145253461e-01 -8.656637749555629036e-01 -4.330265249322847732e-01 -7.646531717734701417e-01 4.517914704654012459e-01 -4.595541253339838761e-01
8.655480660091982026e-01 3.476276584573943090e-02 -4.996179495759650591e-01 1.512530531005964185e-01 -9.691505274979963502e-01 1.946015646856523174e-01 -4.774401107526318744e-01 -2.440057482132546030e-01 -8.441043392160737513e-01
4.925983246599240362e-01 -6.034507358351559603e-01 -6.270519116965076467e-01 6.641453241423836973e-01 -2.049403480070041694e-01 7.189648407109878736e-01 -5.623680991681909713e-01 -7.706144711714001394e-01 2.998257124717275124e-01
-4.097923191140332433e-01 7.178117167166671031e-01 -5.628646325178138232e-01 4.626710037025441591e-01 -3.682264948177281227e-01 -8.064395766870139370e-01 -7.861334476588710540e-01 -5.908938888315913296e-01 -1.812142781721584606e-01
6.943774992282847336e-01 5.918918302836465584e-01 -4.092724640248211476e-01 -5.193416120940446135e-01 1.850080038606028918e-02 -8.543664379718074464e-01 -4.981206465436183728e-01 8.058050518757935432e-01 3.202405968305978567e-01
7.853642933149563854e-01 6.077139348957861786e-01 1.178418436693032673e-01 5.616020654852256211e-01 -7.795482962045950925e-01 2.773221482810950267e-01 2.603959424196705674e-01 -1.516186902000996595e-01 -9.535227978152268635e-01
4.234444610601502124e-01 -2.910830440140227404e-01 8.578842870020464417e-01 8.630249157998428622e-01 -1.583361198602962205e-01 -4.797058138653942927e-01 2.754682978241840829e-01 9.435042843756018538e-01 1.841653666103653664e-01
-6.598455275630527028e-01 6.818309181730179969e-01 3.157696609530051268e-01 4.502212487746637959e-01 2.230516870089744794e-02 8.926383963291110168e-01 6.015851618073860818e-01 7.311696646282336287e-01 -3.216927332418584307e-01
7.546783924284587997e-01 -3.493982680090693682e-01 5.553209651308509409e-01 -2.098153283636990940e-01 6.734315755754338717e-01 7.088493782191122028e-01 -6.216414175272030329e-01 -6.514681598744880286e-01 4.349151465338018108e-01
-7.432846691269828776e-01 5.193596803751273638e-01 -4.216555739480235543e-01 6.303091186924283384e-01 3.325157238554430350e-01 -7.015295491154063257e-01 -2.241390540132754683e-01 -7.872095120039752647e-01 -5.745109822070399996e-01
-6.423172952486230214e-01 -2.735800504149381654e-02 -7.659504107869146150e-01 5.256050064301448499e-01 7.116261771424063909e-01 -4.661840422207221279e-01 5.578242280862860669e-01 -7.020254436741124593e-01 -4.427102969144776079e-01
-9.769268008961552452e-01 1.678866424971980076e-01 1.320155330323749543e-01 1.398848758124243974e-01 9.700683179755689167e-01 -1.984935262898861741e-01 -1.613884977616024952e-01 -1.754466691934306599e-01 -9.711705406668719176e-01
-8.354166573761485637e-01 3.316639299883178960e-01 4.382670945019342956e-01 1.315401566590242988e-01 8.948835856051563509e-01 -4.264745659480512763e-01 -5.336442595630376262e-01 -2.986342340709847720e-01 -7.912277791358528489e-01
-8.185495422353061823e-01 4.813430344976090125e-01 -3.135052312912885442e-01 5.725948715582149795e-01 6.400373583625046381e-01 -5.123351373520839136e-01 -4.595388962429929058e-02 -5.988831797946750912e-01 -7.995168397147223160e-01
-4.940692205246679514e-01 1.453649064103157938e-02 -8.693010386339077300e-01 2.001826766546072056e-01 9.748979981789887006e-01 -9.747199143342798189e-02 8.460629416878771014e-01 -2.221769195628664206e-01 -4.845770476570381291e-01
-4.940692205246560720e-01 1.453649064102375231e-02 -8.693010386339145024e-01 2.001826766545863057e-01 9.748979981789935856e-01 -9.747199143342094585e-02 8.460629416878890918e-01 -2.221769195628450488e-01 -4.845770476570272489e-01
8.867912085713760550e-01 3.924924021799046647e-01 -2.440308722919420914e-01 -9.294719950207813372e-03 5.430495181709902308e-01 8.396492297354311019e-01 4.620767907843515987e-01 -7.423253565959493372e-01 4.852196454938023651e-01
-9.461965898811770526e-01 2.703158529703814650e-01 -1.778801645213061167e-01 -1.070824238825642677e-01 -7.802958749265851424e-01 -6.161750579729676769e-01 -3.053610449822743433e-01 -5.639748994462878695e-01 7.672593727038357070e-01
-9.598745898388609810e-01 -2.654750243458226522e-01 -9.035365642996220914e-02 2.776777545462714714e-01 -8.547432188269747932e-01 -4.385306083951764911e-01 3.918974881036516034e-02 -4.460235882976231192e-01 8.941628052375550917e-01
-5.080034177233737624e-01 -6.401867312713480640e-01 -5.762755215046694302e-01 8.576295604164855257e-01 -4.380889375035502131e-01 -2.693503665058519236e-01 -8.002540022516374529e-02 -6.310618289368468137e-01 7.715937424433180203e-01
-4.105722685931241234e-01 3.018930421068715675e-01 -8.604016523634494540e-01 -1.705038142782724642e-01 -9.523757029186064038e-01 -2.528022345764585621e-01 -8.957448641096726893e-01 4.290817658382863053e-02 4.424929680835561485e-01
3.859013244147470600e-01 7.611146168228645204e-01 5.213297496532578457e-01 -9.106483405293345212e-01 4.047141757396123252e-01 8.322280845162216556e-02 -1.476474439538776606e-01 -5.068638633933082449e-01 8.492874991897009229e-01
-8.904749439497302577e-01 -9.409932440121809849e-02 4.451962391406288910e-01 4.481207196476058585e-01 -1.147307661059612446e-02 8.938994289827015827e-01 -7.900756179149735769e-02 9.954967029881727214e-01 5.238434422077955371e-02
-9.352774831896829566e-01 3.538195043506715542e-01 8.233333432928979789e-03 1.233098596564665417e-01 3.039718706953638550e-01 9.446670208795603374e-01 3.317389153383652478e-01 8.845410449306501111e-01 -3.279274796096213196e-01
1.179967276367774320e-02 9.842240070779839645e-01 -1.765329193494155346e-01 -8.425598737415851414e-01 1.048579718680007350e-01 5.282969476499879136e-01 5.384734226340559538e-01 1.425058231339574877e-01 8.305049448917684041e-01
2.691866691675427470e-01 1.840696456986207763e-01 9.453342809159458460e-01 5.019384610630175381e-01 -8.645300683981681500e-01 2.540752134995818631e-02 8.219466639923624918e-01 4.676602681090655800e-01 -3.251116041976712112e-01
7.262249976887018565e-01 3.264084893440028501e-01 6.050245869518133812e-01 -1.071950489310682930e-01 -8.155584987285222631e-01 5.686594381845303525e-01 6.790482119972865993e-01 -4.778303393840176438e-01 -5.572895948673749489e-01
4.145286154351968677e-01 8.277516341393430510e-01 3.781444950875607058e-01 -7.566256068995392825e-01 8.260305237935129663e-02 6.486096104140904872e-01 5.056517754040649182e-01 -5.549810518542608317e-01 6.605394114762991320e-01
-4.641624764285051108e-01 -8.256322605759948141e-01 3.207562404255453470e-01 -4.963295480300998763e-01 -5.749597260466938337e-02 -8.662281413614315584e-01 7.336280905390650808e-01 -5.612713990846284196e-01 -3.830982137019041667e-01
-6.577659243165245861e-01 -5.285221013704837212e-01 5.366641195114094653e-01 -7.195889350279909280e-01 2.304022126349335176e-01 -6.550622756640843702e-01 2.225662898853058291e-01 -8.170552054640219941e-01 -5.318693804223315613e-01
-2.261318834718948345e-01 -6.782884026896410234e-02 9.717322777932309030e-01 -9.738859759904844315e-01 -5.005776386672739810e-03 -2.269824838436408643e-01 2.026023313082852759e-02 -9.976844143468087678e-01 -6.492559066308513371e-02
5.902044735776931228e-01 -6.078164603873125182e-01 5.312417809727663087e-01 1.954676843039646061e-01 7.461059454036516048e-01 6.364890436026130471e-01 -7.832311687884514484e-01 -2.718180801851889927e-01 5.591635427338897957e-01
9.609679491802972651e-01 -2.349094083227747931e-01 1.461443482645080061e-01 -1.882098369817447048e-01 -1.679129935535997042e-01 9.676684782812623453e-01 -2.027748946776177785e-01 -9.574041970230300347e-01 -2.055712665018347707e-01
4.018247990881067544e-01 2.850532541976085743e-01 -8.702192098024247313e-01 -4.960317589272122268e-02 -9.421441319835955897e-01 -3.315176609326166424e-01 -9.143721101275776864e-01 1.763776540274621663e-01 -3.644373298395903182e-01
6.443149622590087500e-01 3.712275850587771209e-01 -6.686167134469497286e-01 -1.889162953739869921e-01 -7.699271146779108621e-01 -6.095267602213341185e-01 -7.410592842353037613e-01 5.190398040373932487e-01 -4.259446197259497136e-01
6.373668241096243081e-01 3.759936680767059225e-01 -6.726011396739048909e-01 -2.114084977770265827e-01 -7.540531559182531707e-01 -6.218603421326877045e-01 -7.409925631152262104e-01 5.385467478464115443e-01 -4.011202086556860391e-01
2.551001821911268452e-01 -8.351233396183720403e-01 4.873324375318262569e-01 1.768326760140639942e-01 5.358021042332510309e-01 8.256187436056219298e-01 -9.506072279021231530e-01 -1.244391928769937455e-01 2.843603093548102700e-01
-2.993820995406253349e-01 -9.387340755866487862e-01 1.707298855125458925e-01 3.716451792370662477e-01 5.007454997690226339e-02 9.270234086550672714e-01 -8.787776847556474369e-01 3.409851533088950060e-01 3.338845698717048949e-01
-9.591412761117725783e-01 -1.097585961317116693e-01 -2.607701344745534944e-01 -2.799166709794420616e-01 5.022349139605549739e-01 8.181728109066085386e-01 4.116636693306391370e-02 8.577372218658988468e-01 -5.124374971245785337e-01
-2.362050129494089878e-01 5.077166144400230285e-01 -8.285113344300915061e-01 -9.161446511101332124e-01 1.678169329782517871e-01 3.640280967838412374e-01 3.238613439419134599e-01 8.450214887370227634e-01 4.255026597717149195e-01
-9.228699205978067033e-01 -9.657418049788166203e-02 3.728062999963395741e-01 3.218507465174649251e-01 -7.250005786055506718e-01 6.089222101284920141e-01 2.114786197750229690e-01 6.819439776717582946e-01 7.001636984986241430e-01
-7.830237046072848761e-01 -4.834599697805758156e-01 3.913314907375187168e-01 5.998891748139186797e-01 -4.207674288752155101e-01 6.805055097049667046e-01 -1.643376279619475633e-01 7.676074702720819820e-01 6.194932732631852623e-01
-3.581507605291002760e-01 -8.685473975208478636e-01 3.425688996277818088e-01 9.250269885188555641e-01 -2.802998308624679025e-01 2.564314242252861420e-01 -1.267008415290279688e-01 4.087265871927517891e-01 9.038193811141703726e-01
-6.484927744656227011e-01 2.814832569323391653e-01 -7.072653657098174618e-01 -3.266882137949149723e-01 -9.421188669886469969e-01 -7.541121555522287134e-02 -6.875550395665551706e-01 1.821516306015164011e-01 7.029145403502777834e-01
-5.021484705232549528e-01 -8.786595858122378533e-02 -8.603060425649456944e-01 2.602817416037054854e-01 -9.640515251851891065e-01 -5.346093691521433544e-02 -8.246819559920648413e-01 -2.507672827757106426e-01 5.069669036045538757e-01
-3.946983608926197817e-01 -8.621428742006257417e-01 -3.176835978985434461e-01 7.993707812187270667e-01 -4.926828422623582560e-01 3.439040143325554633e-01 -4.530116533185892247e-01 -1.182086350710827571e-01 8.836329331527829067e-01
-9.387586632345819027e-01 2.234940588965204644e-01 2.622643281881461008e-01 -2.762418832001823921e-01 -9.430922684883100704e-01 -1.851145458455128734e-01 2.059674590027218144e-01 -2.462262755181342522e-01 9.470744569865823248e-01
-4.137633978664050916e-01 8.875265309092496002e-01 -2.027227355730981673e-01 -8.612259510047544087e-01 -4.537766176360863990e-01 -2.288594385265984577e-01 -2.951096608076453909e-01 7.989642181566380952e-02 9.521170358097005293e-01
-5.241661880230241710e-01 4.626297320300298138e-02 -8.503584800799195431e-01 6.832416049523079016e-01 -5.732103152060891160e-01 -4.523393016348794538e-01 -5.083608133949804042e-01 -8.181012601455608380e-01 2.688486777959671059e-01
-4.457341136133144421e-01 -5.158568654301410872e-01 -7.315823906778661234e-01 8.796918220250583564e-01 -4.037212958552308661e-01 -2.512994499301706153e-01 -1.657208442640395463e-01 -7.555797837829982821e-01 6.337474198092261091e-01
-6.066461637975154031e-03 4.114128419684368598e-01 9.114289174184947440e-01 -9.873021507884440773e-01 1.422192459314180202e-01 -7.076827774654102787e-02 -1.587377116242631170e-01 -9.002850435001978902e-01 4.053260161377991722e-01
-1.504577967875747879e-01 -2.567362721028673689e-01 9.546983492038475516e-01 2.915737543966610557e-01 -9.342597493505372386e-01 -2.052887393173501440e-01 9.446413060695920683e-01 2.474776905706730645e-01 2.154242222614294600e-01
-2.417493730457134663e-04 3.850700207104671979e-01 9.228873282840551751e-01 7.036155413289260641e-02 -9.205934791211394241e-01 3.841313550071649985e-01 9.975215252099803864e-01 6.502865022185917721e-02 -2.687157221076597394e-02
1.589448921847351481e-01 5.894063094303838568e-01 7.920459100658485685e-01 -8.984641388809342377e-01 -2.462066233176113672e-01 3.635168356204174778e-01 4.092660655286787241e-01 -7.694039907865013461e-01 4.904271470549737000e-01
2.591800255593618707e-01 -8.514040313708702845e-01 4.560009755652711938e-01 -6.624451703012127490e-01 -5.002843111801504872e-01 -5.575679369651740380e-01 7.028457232534367494e-01 -1.575651717621407155e-01 -6.936721891152338726e-01
2.873763355168199030e-01 -8.569733387024340843e-01 4.277984788871135313e-01 -4.170331637941220304e-01 -5.140306415773268078e-01 -7.495704368606507240e-01 8.622634064372611817e-01 3.700265224014970267e-02 -5.051065448461397045e-01
3.010675800082531772e-01 -8.740109217783870177e-01 -3.813964091074644180e-01 -3.116345986697650061e-01 2.878173928166966600e-01 -9.055633745377151822e-01 9.012447998074156752e-01 3.914920906024713654e-01 -1.857195569017915104e-01
-8.613073256460039850e-01 -1.636341606495178846e-01 4.810130479072851628e-01 -5.080625365326048026e-01 2.861510156803338534e-01 -8.123977198375001985e-01 -4.706353214971233448e-03 -9.441088166592034314e-01 -3.296003527694940649e-01
-9.722528479540801793e-01 -2.139018373841424792e-01 -9.471221467618724799e-02 1.673069244971325462e-02 3.402522168365407773e-01 -9.401853609092053476e-01 2.333334171852232408e-01 -9.156824956836884244e-01 -3.272324609863132006e-01
1.085141479409219845e-01 9.479035765350638520e-01 2.995054077787083213e-01 -1.849965241869612753e-01 3.152772446831370035e-01 -9.307935028908145281e-01 -9.767297301379735952e-01 4.559680446088332922e-02 2.095709084953281953e-01
-2.838518000046571510e-01 9.443896382503169651e-01 -1.660011048142511769e-01 9.562193885646756986e-01 2.916525641943296110e-01 2.415083294361315344e-02 7.122244426523068050e-02 -1.518782175438875282e-01 -9.858297877770674233e-01
-2.708025295296789814e-01 8.728931408481142018e-01 -4.058614968935110867e-01 9.482914389708753111e-01 3.144090696143100883e-01 4.347739319245207124e-02 1.655576539302079098e-01 -3.731011948581484661e-01 -9.128998639612931898e-01
-1.606349065635873929e-01 8.663613297205571273e-01 -4.728789201879654014e-01 9.215604458149880829e-01 3.032118454202759605e-01 2.424642685141696896e-01 3.534441561301988055e-01 -3.968382833871496040e-01 -8.471107397122010774e-01
-1.444303677899899940e-01 3.925698337990382036e-01 -9.083109569145603190e-01 6.965920582397557848e-01 6.922796663498084202e-01 1.884366417549928618e-01 7.027797473300931852e-01 -6.055062255250511782e-01 -3.734472353533452860e-01
-9.122951230106394194e-01 -1.184217855833610139e-03 4.095316912756232219e-01 1.224630250029004191e-01 9.534506808137146461e-01 2.755623464172911041e-01 -3.907945957125577574e-01 3.015466744700296409e-01 -8.696833832366377415e-01
-8.851733038002755904e-01 -2.886499390826709477e-01 -3.648964714914019747e-01 -4.087789727629712599e-01 8.570364724300070236e-01 3.136689916959922719e-01 2.221890493839764336e-01 4.268134224603311599e-01 -8.766198313645113815e-01
-2.044882587352822023e-01 -9.204677282065309996e-01 3.330521180982344287e-01 -3.460010755865725041e-01 3.862458303743079857e-01 8.550423464433775100e-01 -9.156788780638916991e-01 5.960972948076082023e-02 -3.974655612991940812e-01
2.082319550547413745e-01 -8.939747363227064092e-01 -3.967979633400702255e-01 -9.743241666420785485e-01 -2.251117748427159948e-01 -4.136075964184003813e-03 -8.562634636196617133e-02 3.874711081408651614e-01 -9.178966549480344073e-01
6.316043396593802317e-01 -7.705719316549225484e-01 8.540993074016761666e-02 -7.009628616923009314e-01 -5.205068034399351617e-01 4.875692095496611533e-01 -3.312506975865547321e-01 -3.678200181044285477e-01 -8.688966622274936213e-01
7.965033077793355343e-01 -5.925859225483438575e-01 1.201016448434662626e-01 -5.465701137495968531e-01 -7.906026931539534841e-01 -2.760588566473973215e-01 2.585412761095028378e-01 1.542378227778264110e-01 -9.536074153300329037e-01
5.987396882091675643e-01 -5.927099728478126828e-01 -5.387074102422707567e-01 -7.223542613456231942e-01 -1.090492622834049324e-01 -6.828708366237825622e-01 3.459987093603221764e-01 7.979994652142257117e-01 -4.934386959276718110e-01
6.350881913370938214e-01 -5.486748598380176700e-01 -5.437084580967183056e-01 -6.966962317348737166e-01 -1.029005436058088169e-01 -7.099477718903387524e-01 3.335825983330158451e-01 8.296790803119968860e-01 -4.476106274230239324e-01
1.905760306113573332e-01 -7.095109718200660609e-01 -6.784356693330366728e-01 -4.794881834846521640e-01 -6.703315737560341381e-01 5.663450036191257642e-01 -8.566048438194872050e-01 2.173701039533838808e-01 -4.679512575603225200e-01
6.769146811143628151e-02 -3.665946259720300748e-01 -9.279149989914732277e-01 -5.768280708406869906e-01 -7.732320442415168138e-01 2.634038390917953221e-01 -8.140560434239952903e-01 5.174172261980772847e-01 -2.638032831455244809e-01
6.652594681249421882e-01 -2.946276134883609177e-01 -6.860207062766194852e-01 -7.124959930697376542e-01 2.405332046763157539e-02 -7.012637860563237791e-01 2.231127516070895711e-01 9.553093777120761354e-01 -1.939192948772212877e-01
9.983063456240913736e-01 3.370212494542427356e-02 4.741947976133852050e-02 2.058583241597668548e-02 -9.670134102790818309e-01 2.538922760624308661e-01 5.441198204820633239e-02 -2.524861008344481683e-01 -9.660694100813890239e-01
8.642859679404781836e-01 -5.020444856915747822e-01 -3.100161298825240483e-02 -1.319276459862011863e-01 -2.857306444406978452e-01 9.491854903294949519e-01 -4.853914521762109913e-01 -8.162777304411691359e-01 -3.131865337783275582e-01
4.015885240261921757e-02 6.821189812668192465e-01 -7.301376322099975003e-01 -5.736519098773403824e-01 -5.825613271984996233e-01 -5.758001270812662664e-01 -8.181141441558044125e-01 4.419683195074499138e-01 3.679038620128581294e-01
-9.000556220422854803e-02 6.140547966879742470e-01 -7.841145996834846255e-01 -5.538883424642228048e-01 -6.851840191968360250e-01 -4.730016531889776332e-01 -8.277117269040816794e-01 3.917391562018796569e-01 4.017881663808716697e-01
4.897239120281896702e-02 3.226637714614135483e-02 -9.982788116582169691e-01 9.928741002423842055e-01 1.071414161271522780e-01 5.217027906906844537e-02 1.086403514710540114e-01 -9.937200802319190451e-01 -2.678947883245337905e-02
2.429038291053513265e-01 9.626091538836528683e-01 -1.199222525862330135e-01 9.123960848627046261e-01 -2.686988786291875653e-01 -3.087625251720570452e-01 -3.294406078994609466e-01 -3.441699409906532475e-02 -9.435488097517894523e-01
2.120181454250922581e-01 9.753915705708193773e-01 -6.049454578634057278e-02 7.441931966884675065e-01 -2.012655515325424138e-01 -6.369212382774668280e-01 -6.334230750557677814e-01 9.001923031048805757e-02 -7.685517198999705091e-01
2.509209484284747882e-01 9.521425465003322541e-01 1.745372418242522039e-01 7.228108189857089805e-01 -6.435942668186708793e-02 -6.880424290364586248e-01 -6.438813536646044167e-01 2.988016655593543902e-01 -7.043680622103706268e-01
-3.297486141038830643e-01 9.059921726929480723e-01 -2.654129509192800218e-01 9.136238637229910919e-01 3.770645253486844539e-01 1.520321655421791873e-01 2.378177603385451255e-01 -1.923552098142475020e-01 -9.520725739799856813e-01
6.266998885377003115e-01 -1.292533275705368689e-01 -7.684665425500172287e-01 7.685658845031203557e-01 2.653418099824501608e-01 5.821513592298602768e-01 1.286613029810066700e-01 -9.554513599274331304e-01 2.656293807696144538e-01
-9.560773812047311804e-01 2.929592088319812326e-01 9.536409662071991880e-03 -4.646925285287771545e-02 -1.193693635427831162e-01 -9.917618482209761277e-01 -2.894074112527156850e-01 -9.486442204577706372e-01 1.277399440428520494e-01
-8.994723006091754902e-01 4.347491051324526845e-01 4.407715988319704792e-02 -8.847002922976913986e-02 -8.239807890112992028e-02 -9.926649034399712690e-01 -4.279283051691264439e-01 -8.967740920543673111e-01 1.125770556336599948e-01
1.579366971025642219e-01 7.749920306907411849e-01 6.119177657775384249e-01 -9.848033807183679267e-01 1.689576997831126748e-01 4.019448979242252334e-02 -7.223780889538654326e-02 -6.089668694188884457e-01 7.898993929078265142e-01
-8.067620952145042601e-01 -4.593566054235246332e-01 -3.716536435700313334e-01 2.606761470170776973e-01 -8.411646323446020368e-01 4.738037649374491900e-01 -5.302667895516695040e-01 2.853656782907626477e-01 7.983630512193178319e-01
-7.908540629912972353e-01 -4.706396136936326358e-02 -6.101924570087547961e-01 -3.998365013527315770e-01 -7.151042071287724289e-01 5.733731290640828870e-01 -4.633364039617058894e-01 6.974316858925706519e-01 5.467251780162336594e-01
-5.024395058283883664e-01 7.774081132344611289e-01 -3.784060893539636927e-01 -8.559810473690753208e-01 -5.089407727211017196e-01 9.097107456213170129e-02 -1.218646360839182596e-01 3.696159024437167262e-01 9.211585613415592677e-01
-8.633162769490615451e-01 -1.447752345790419837e-01 4.834512771804360676e-01 2.909147712233650096e-01 -9.255511569227751201e-01 2.423296345950493036e-01 4.123755592161938988e-01 3.498502356316146589e-01 8.411606331668378678e-01
-1.033301245413620201e-01 -9.946286223786344749e-01 6.065386009645627047e-03 8.649110215218298592e-01 -8.683935056566342847e-02 4.943559972766575217e-01 -4.911739103538900753e-01 5.632788597589311747e-02 8.692383787253963323e-01
-9.370771923280052373e-01 -1.193654196783257154e-01 -3.280826606263730350e-01 -3.428723904380358012e-01 1.376359408229877457e-01 9.292442475846045546e-01 -6.576366393358661078e-02 9.832640766237664698e-01 -1.699026077705756976e-01
1.672762572272581683e-01 9.631431017919873661e-01 -2.106514164171457704e-01 -9.855601430030205279e-01 1.690475228969263444e-01 -9.702552565141660604e-03 2.626515356715705685e-02 2.092326467665188150e-01 9.775130900582207349e-01
-2.140890468346379194e-01 2.844017805460141712e-01 9.344953222181978658e-01 4.214992478657225705e-01 -8.361318251352171105e-01 3.510298492218023592e-01 8.811947934901038781e-01 4.690407212794086012e-01 5.913152887948763120e-02
3.995811209082604787e-01 7.425387537507036617e-01 5.375603473025611923e-01 2.142127713298570824e-02 -5.938127991382304849e-01 8.043180269430814100e-01 9.164475198829936664e-01 -3.098750695973648828e-01 -2.531825123154013979e-01
4.505846007245947193e-01 7.011786303952710631e-01 5.525595405627069523e-01 7.725819644140593523e-01 -6.164042856105739210e-01 1.521935115010870920e-01 4.473149068072415080e-01 3.583214826910747774e-01 -8.194602425927073330e-01
4.012620265861158164e-01 -4.495743117725752858e-01 7.980424325900336013e-01 8.264404531631236450e-01 -1.979750578840627218e-01 -5.270693064781264425e-01 3.949493175023022773e-01 8.710274477018604689e-01 2.921065250117639844e-01
-7.160406354164728926e-01 2.722835802561961449e-01 6.427654785030395557e-01 4.234964395323692621e-01 -5.625367598865794738e-01 7.100726438046430777e-01 5.549203313411575911e-01 7.806497586620883000e-01 2.874880522126850302e-01
-2.017366659024203146e-01 -7.781549736730472011e-01 5.947916900718053235e-01 6.800649425251334979e-01 3.257376688523603847e-01 6.568155334939309586e-01 -7.048503327507635863e-01 5.370007523630943025e-01 4.634826861735056314e-01
-9.832275790175318830e-01 1.453053173823281863e-01 -1.102265512467114073e-01 5.976143555550151448e-02 8.276807388338595084e-01 5.580082126490454320e-01 1.723139538159015882e-01 5.420617670559854107e-01 -8.224821834036735169e-01
4.198193249858409581e-01 7.835909452238548623e-01 4.579704847821731706e-01 -7.413338199947711038e-01 5.871619950080765316e-01 -3.250614694947649430e-01 -5.236180876367748649e-01 -2.030419222262278278e-01 8.274044211377439284e-01
5.692921216008819396e-01 8.211114201548900260e-01 -4.101848332624961208e-02 8.078043203036785469e-01 -5.679469642137366936e-01 -1.577606603025998311e-01 -1.528354029074361908e-01 5.667699296557435901e-02 -9.866250848658277839e-01
7.371901084254603997e-01 2.593936814705392058e-01 6.239115819191195511e-01 6.749511338702676166e-01 -3.257330998243418985e-01 -6.620716838576207186e-01 3.149144212159638717e-02 9.091825260595286506e-01 -4.152052786045914434e-01
7.675047167098200118e-01 2.442889509473995802e-01 5.926714252207531120e-01 6.410327426099897696e-01 -2.977816552409277007e-01 -7.073917646565359707e-01 3.678685919460642720e-03 9.228483051114050317e-01 -3.851460411621980828e-01
7.392841915441485945e-01 2.657458735773657321e-01 6.187390522744767862e-01 6.651143969153586744e-01 -1.445224894301536944e-01 -7.326227467563577456e-01 -1.052697636970560818e-01 9.531486666441464362e-01 -2.835945981954735573e-01
7.395374460259984684e-01 1.374899440421681329e-01 6.589240329602685797e-01 6.702933448614092349e-01 -6.087828195965407779e-02 -7.395949341498662122e-01 -6.157270304158845436e-02 9.886305427574663129e-01 -1.371803636357259715e-01
-2.974551355141185627e-01 7.676141418496537083e-01 5.677050040194268066e-01 8.671336172462937864e-01 -3.160049359879096853e-02 4.970721262006863039e-01 3.994993519364401502e-01 6.401327503235034744e-01 -6.562242983657583517e-01
9.435858930519529508e-01 3.093471296688974914e-01 1.181101849925017683e-01 -1.514659459708023737e-01 8.604180098649073793e-02 9.847105542717472515e-01 2.944549704870313422e-01 -9.470486586488657821e-01 1.280433852522882554e-01
9.127961614305750704e-01 2.661844948736395433e-01 -3.097563274034498826e-01 3.944690312380400021e-01 -3.780944440824277608e-01 8.375194175349740533e-01 1.058175366927900374e-01 -8.866737878401873552e-01 -4.501246970400588632e-01
6.707672550974211889e-01 -6.053194253558146221e-01 -4.285553438891856470e-01 -6.572277843165488243e-01 -2.173589567717069682e-01 -7.216694003721342288e-01 3.436901642634421772e-01 7.657306818967236639e-01 -5.436300155349654828e-01
1.188316137538578260e-01 -8.245138477608572325e-01 5.532232482671347595e-01 -9.305384390445592402e-01 -2.868471360821250316e-01 -2.276333323175632750e-01 3.463773390872580960e-01 -4.877454616621960670e-01 -8.013283369473227502e-01
-6.939425293776785297e-02 -9.129859591718959555e-01 4.020461118008520351e-01 -7.805667414148450556e-01 -2.012701209089926835e-01 -5.917819705147241427e-01 6.212084995041678992e-01 -3.548900911328094487e-01 -6.986794854291393797e-01
2.129084288452686713e-01 -9.766371700306545334e-01 2.915199892209405577e-02 -6.715287304455083151e-01 -1.679365078290055713e-01 -7.216969540772929514e-01 7.097317557450019132e-01 1.340789597689096002e-01 -6.915950169242139900e-01
2.529584318798380194e-01 -9.673902886037417659e-01 -1.296384418539222975e-02 -3.422192205652176966e-01 -7.693590757928651935e-02 -9.364650934235011492e-01 9.049298518761709209e-01 2.413232181952686961e-01 -3.505211370848417829e-01
2.665042317939617655e-01 -7.125263175909868352e-01 6.490622013152044234e-01 -4.413751354499445001e-01 -6.888787367478741430e-01 -5.750078920007936079e-01 8.568334051858939038e-01 -1.332378804878006362e-01 -4.980804984745587083e-01
-1.405188924045362026e-02 -2.761367448061265439e-01 9.610156307660407959e-01 -9.285719140105137548e-01 3.601018464635832306e-01 8.989360758346380542e-02 -3.708864312961931420e-01 -8.911089486372553159e-01 -2.614729369150466387e-01
-3.172253474998893985e-01 -8.808738073467942131e-01 3.513252260142125660e-01 -9.369762709024465064e-01 3.483236219120467436e-01 2.731523720964624743e-02 -1.464361521937808386e-01 -3.205183145288841295e-01 -9.358549371469080391e-01
-1.591086952376543906e-01 -9.022568389388521126e-01 -4.007705324594635909e-01 1.723589748585065418e-01 3.743215485224782868e-01 -9.111398147910446665e-01 9.720991754371033355e-01 -2.140466652386919799e-01 9.595425063382750919e-02
-3.439991998665246631e-01 -9.259108331284764404e-01 1.560566550536107433e-01 -4.379747073491603582e-02 -1.501965479916515522e-01 -9.876855666296919800e-01 9.379479367472455253e-01 -3.465979314230284158e-01 1.111493971475595484e-02
-8.902617386976344749e-01 -2.082237631760138485e-01 4.050640703146654031e-01 -4.096879454251495800e-01 -2.242170721735644440e-02 -9.119501381209277335e-01 1.989719175772912685e-01 -9.778241823018486434e-01 -6.534557767238095838e-02
-9.498261328835354567e-01 -3.091761476293037325e-01 4.733314936290983210e-02 -7.666504131595389127e-02 8.341545071341933959e-02 -9.935614394803674587e-01 3.032371823037730008e-01 -9.473394176953582324e-01 -1.029331771057722389e-01
9.058860399031979371e-01 -4.172046049740403828e-01 7.287523788610704434e-02 2.522789741217141835e-01 3.933490702464928490e-01 -8.840994447189270966e-01 3.401849525252361173e-01 8.192782351098280014e-01 4.615813812869061228e-01
-5.681118356149577053e-01 -7.497226947246388162e-01 -3.393594307648299946e-01 -8.120137914781672128e-01 4.436729038632221123e-01 3.791938248796097866e-01 -1.337256321108814261e-01 4.909890379554346374e-01 -8.608409957269360646e-01
-6.355449075865400310e-01 -4.972859707251603423e-01 -5.905838922293356053e-01 -7.546946365969021686e-01 5.614881686520566406e-01 3.393626997117240029e-01 1.628455585291975205e-01 6.613907315526087460e-01 -7.321500012180693906e-01
-4.465621072797713031e-01 -4.842009042668900531e-01 -7.524172835926724590e-01 -8.492478558482190465e-01 4.941310134437492119e-01 1.860446744474456848e-01 2.817097152727477405e-01 7.220692666636486789e-01 -6.318667663841547322e-01
3.077199042467431700e-01 -9.248756133031316162e-01 -2.234134294252064223e-01 9.515583784874467876e-02 -2.037155577220247926e-01 9.743948573680528691e-01 -9.467068326856412641e-01 -3.210997842714329309e-01 2.531998197393758171e-02
8.188753222614936211e-01 -2.405140025349370436e-01 -5.211489433700891016e-01 -3.576654523495556015e-01 -9.239547938689542939e-01 -1.355837862067817978e-01 -4.489082654470999967e-01 2.974231891954677853e-01 -8.426273290975514474e-01
7.754180595714381674e-01 -2.455047432535264196e-01 -5.817682132348638291e-01 -4.465190937786620573e-01 -8.646351318197412761e-01 -2.302754605122762921e-01 -4.464835179282078959e-01 4.383303661202113677e-01 -7.800762516288861637e-01
9.247063186044897076e-01 3.771260240951327947e-01 5.190555156367630818e-02 9.961118095420873342e-02 -1.081055558172036718e-01 -9.891363917227803393e-01 -3.674177961964283368e-01 9.198310446770378013e-01 -1.375318591691002124e-01
-7.570812200746530884e-02 5.108310556107586997e-01 -8.563410026885908133e-01 6.842915215958613739e-01 -5.980400287170567486e-01 -4.172448172525613508e-01 -7.252678082847217045e-01 -6.175757092662409464e-01 -3.042808728628468851e-01
-3.796399336942611336e-01 8.365104914361399802e-01 -3.951249403187361287e-01 1.495033496739816004e-01 -3.660129157864570604e-01 -9.185223426317703499e-01 -9.129744077359872589e-01 -4.077802633708061397e-01 1.389199857328265487e-02
-7.571638752416256501e-01 1.782499997052657548e-01 -6.284344067873405271e-01 4.613933965707044949e-01 -5.350794135779425309e-01 -7.076765891041146839e-01 -4.624056656552043565e-01 -8.257826340933538400e-01 3.228994295439518991e-01
-1.475995567543059162e-01 -1.047414060902298188e-01 -9.834854389853336931e-01 9.621144610900503880e-01 -2.456787425200893382e-01 -1.182274047552011875e-01 -2.292381613242763794e-01 -9.636758756573653439e-01 1.370352949742362492e-01
-1.435035139884155986e-01 2.783100333086919662e-02 -9.892583973495370220e-01 8.830321495759135830e-01 -4.477281503459534795e-01 -1.406901780620557207e-01 -4.468343812737762266e-01 -8.937365040331455290e-01 3.967489219006613277e-02
