6.055772684188377442e-01 -5.745698795863850988e-02 -7.937095605503940998e-01 -7.957848880176711104e-01 -4.170879297610783493e-02 -6.041413647410502907e-01 1.607475375088141889e-03 9.974763511598644383e-01 -7.098129964801599967e-02
8.544782492799959384e-01 1.319969202928629737e-01 -5.024377917121608528e-01 -5.188531728137202315e-01 1.690810383160413488e-01 -8.379755292030341973e-01 -2.565748562367144159e-02 9.767233055042605638e-01 2.129630905023265630e-01
-2.709502063766850433e-01 -9.854522284051250858e-02 -9.575358085835463662e-01 1.412266997541426067e-02 -9.950458036409297602e-01 9.840934330307293809e-02 -9.624897588323719777e-01 1.314106966309498171e-02 2.709995875105948859e-01
5.585353370417003305e-01 6.953968686452557391e-01 4.521741615285945759e-01 -8.113713576496851543e-01 5.713132017191905332e-01 1.236031776576743818e-01 -1.723798052598418951e-01 -4.359179058260180817e-01 8.833237130966418160e-01
4.031643871352199038e-01 8.659184278398273094e-01 2.960468768173114551e-01 -9.135722947850287712e-01 3.619840308578720633e-01 1.853462263039201696e-01 5.333047109392081292e-02 -3.451852223535775699e-01 9.370181551718259616e-01
6.965812294391108273e-01 3.301522543848564584e-01 6.370039872070619724e-01 6.270544635696323477e-01 1.513312684680874765e-01 -7.641345083826803775e-01 -3.486793519990799006e-01 9.317179487958989759e-01 -1.016089237275202423e-01
9.278767424877448766e-01 3.654414205716710606e-01 7.414390656615438280e-02 3.681383646264449472e-01 -8.661370567526219810e-01 -3.380543497872376402e-01 -5.932027680733063801e-02 3.409679853746746536e-01 -9.382014377035656771e-01
4.829246091371121596e-01 5.068433256991412561e-01 -7.140683896406572195e-01 4.144240433907347976e-01 5.860648707714113392e-01 6.962619331166705061e-01 7.713861122352679844e-01 -6.321691311998102192e-01 7.297708824443067954e-02
-2.085299002711380190e-01 8.771336492865361434e-01 4.326104968469826617e-01 5.824363090107059771e-01 -2.439669355346785751e-01 7.754018830979220178e-01 7.856737405812252995e-01 4.136625383753064766e-01 -4.600000844630394714e-01
6.070954364736700359e-01 6.439817867276820262e-01 4.655347348757841730e-01 -6.527036829655261663e-01 7.382738392957157725e-01 -1.700871554668421659e-01 -4.532251463192243368e-01 -2.005971001150965161e-01 8.685319626642025170e-01
8.925997488464845198e-01 -5.813645839094103845e-02 4.470859431529370931e-01 -4.217345800536881906e-01 -4.582503500415621156e-01 7.823979554381038648e-01 1.593914437670105877e-01 -8.869198210055655451e-01 -4.335523022212243172e-01
8.807956184433447522e-01 -9.926864178196193045e-02 4.629738818656735089e-01 -4.475885786854949533e-01 -4.935546341561413697e-01 7.456998641097476455e-01 1.544782922008930137e-01 -8.640309947344262387e-01 -4.791522695103652141e-01
5.762068414747534284e-01 -7.337184156555666137e-01 3.600596650078611294e-01 7.102968896389918463e-01 6.674833705876930257e-01 2.234821660850508096e-01 -4.043068196393204694e-01 1.269773070937376958e-01 9.057663932142551166e-01
-2.539910041279649575e-02 9.602057947143052274e-01 2.781361492062666141e-01 9.976722590723553497e-01 4.196041666954280352e-02 -5.375301768628971272e-02 -6.328466777731309167e-02 2.761234420145965984e-01 -9.590364412233389757e-01
7.111324323889773869e-01 6.678270673339391506e-01 2.197673127211770550e-01 6.482511950908854959e-02 2.489722655798780881e-01 -9.663387164202081880e-01 -7.000631167867433780e-01 7.014412442308862738e-01 1.337602833678861736e-01
9.533180062522713660e-01 1.018744624937826943e-01 2.842646176484109333e-01 -4.688195291163899103e-02 -8.800252797331182819e-01 4.726072254228005920e-01 2.983066567248964795e-01 -4.638718582995199902e-01 -8.341678713732416650e-01
8.241328941912885453e-01 3.731440020183166006e-01 -4.261085853038457660e-01 3.307184124979684614e-01 2.937258999020797012e-01 8.968558565129277627e-01 4.598155112071730111e-01 -8.800503675838492468e-01 1.186635840046052631e-01
2.007198885876885774e-01 8.923166353140618012e-01 4.043297523892319112e-01 4.403448448779357927e-01 -4.508636783920607072e-01 7.764137821395283856e-01 8.751045331357691914e-01 2.220283424637828351e-02 -4.834243376544619109e-01
5.654042986828485828e-01 6.409075699397613901e-01 5.191873128504450596e-01 1.408543151746232402e-01 5.451874823808768866e-01 -8.263961949040476984e-01 -8.126980010604457627e-01 5.403777344128000149e-01 2.179767492721305100e-01
7.206799594893223970e-01 6.281812634624328595e-01 -2.932723925384219110e-01 3.005985361384897470e-01 -6.643414836249951216e-01 -6.843178451613967095e-01 -6.247086649486029986e-01 4.050169050418535033e-01 -6.676079617323720239e-01
3.117378294711670716e-01 5.823582821278338040e-01 -7.507851602913605538e-01 7.954071555975921193e-01 -5.921740237896895298e-01 -1.290634819492950391e-01 -5.197566570047502665e-01 -5.569459190853690567e-01 -6.478149895714053752e-01
7.932159774992962875e-01 -4.775478632892750895e-03 -6.089216762800142568e-01 5.722106310767390847e-01 -3.361920606171509007e-01 7.480306758821817503e-01 -2.082868376124512866e-01 -9.417813404298368551e-01 -2.639403343477150776e-01
3.818483689994364716e-01 4.986901044486291013e-01 -7.781388069088224224e-01 -8.997831245777843101e-01 3.929331850799932524e-01 -1.897204279668673610e-01 2.111448597941937566e-01 7.726006030206727937e-01 5.987538362253581603e-01
3.751720370336519318e-03 -6.990149911620157086e-01 -7.150971729247921349e-01 -9.999444780388817566e-01 -9.664134584419290311e-03 4.200635937863300348e-03 -9.847102813063269428e-03 7.150417097159448288e-01 -6.990124376094373204e-01
8.698140977950468145e-01 -4.861562687991811682e-01 -8.411609586902690783e-02 2.073272777964457747e-01 5.148669347813460417e-01 -8.318217593633728812e-01 4.477039592839271998e-01 7.060907319715503672e-01 5.486319741551488605e-01
3.147947443257543831e-01 -6.210679958946265788e-01 -7.177595791212512122e-01 9.418445868645169972e-01 1.106893330606181919e-01 3.172958331598496051e-01 -1.176139580955024438e-01 -7.759010349406865181e-01 6.197939503085534430e-01
-1.208257771294675570e-01 7.437342557782460339e-01 6.574651993550982843e-01 4.026059120349002041e-01 6.421135312260461969e-01 -6.523792551966716147e-01 -9.073641006650013940e-01 1.858751457252856287e-01 -3.770156747749320303e-01
9.127495311792430677e-01 2.986107493830352788e-01 2.787829149804097462e-01 6.946775865906826275e-02 5.590308143014000031e-01 -8.262316740287796168e-01 -4.025698993205497622e-01 7.735089973713402678e-01 4.895112941972091236e-01
-2.515380777729688822e-01 3.369780118646740763e-01 9.072895981713949842e-01 9.678183970781770729e-01 9.483361540188572913e-02 2.330968375307464480e-01 -7.493043928063789459e-03 9.367242950353849018e-01 -3.499877846199112574e-01
8.643814005206154061e-01 -2.686494490757368458e-01 4.250556057097974461e-01 -1.063991379462824877e-01 7.284565039788188923e-01 6.767793918665409025e-01 -4.914509313027167758e-01 -6.302210686118484562e-01 6.010801833361606450e-01
5.036342439893469747e-01 1.183881166393023765e-01 -8.557667919006193280e-01 8.558080618054925148e-01 -2.037696044987451771e-01 4.754687262388044289e-01 -1.180894137084492063e-01 -9.718344520138313403e-01 -2.039428553516175191e-01
2.208368498989265460e-01 2.125666928912953724e-01 -9.518647418619811118e-01 5.512047131573045711e-01 -8.323520110569700980e-01 -5.799563675476816088e-02 -8.046144728501298804e-01 -5.118647582737796409e-01 -3.009817591108012169e-01
6.690323739738383013e-01 -5.274201295406588663e-01 5.236637179815353260e-01 6.878106920995766815e-01 7.063378699197273569e-01 -1.673417621239951802e-01 -2.816241012563230339e-01 4.721385606710991056e-01 8.353281062666282342e-01
-8.465552270380291011e-01 -2.495825117747323407e-01 -4.701625435855205093e-01 4.112783172961494427e-01 2.540490561692720362e-01 -8.753908971319900312e-01 3.379266093349839739e-01 -9.344343994501260742e-01 -1.124186809549165972e-01
2.101893462520474098e-01 -8.471574086726715858e-02 -9.739834094949703092e-01 6.867370775402209526e-01 7.218703290534873585e-01 8.541319783105191799e-02 6.958538819706718836e-01 -6.868234644226420826e-01 2.099068928473445117e-01
-2.697532913433436375e-01 5.363201029297739453e-01 -7.997461528527850527e-01 4.391849298577456540e-01 -6.705944971364717899e-01 -5.978458144004435981e-01 -8.569420979245216952e-01 -5.125073341950135974e-01 -5.464863402721392704e-02
-2.241841721812105059e-01 9.444755528728212557e-01 -2.402236186743595681e-01 1.201937936857513933e-01 -2.178197054085145301e-01 -9.685597699136460070e-01 -9.671064620313795102e-01 -2.460091582875049421e-01 -6.468836940146906189e-02
9.075227502155618353e-01 3.730371365023626984e-01 -1.929915869443555587e-01 -3.509336051984442983e-01 4.210321101597139237e-01 -8.364075364060759021e-01 -2.307554172356641731e-01 8.267861011196162568e-01 5.130074857268833721e-01
-1.608868126332232279e-02 9.973996755401300929e-01 7.024985101514631680e-02 9.309724896553016604e-01 -1.068615045133943647e-02 3.649329112227902017e-01 3.647346677246579572e-01 7.127196798864440797e-02 -9.283797330504415246e-01
7.569986468026773663e-01 -6.522010865158133219e-01 3.983455141592698312e-02 5.172429949100196822e-01 6.353751393696126515e-01 5.733743249288014709e-01 -3.992652413564558023e-01 -4.134394454072300995e-01 8.183245639878673483e-01
-7.087567530090871371e-01 -1.123508039570161599e-01 -6.964489657643470055e-01 5.795091715133280363e-01 4.702467305700364641e-01 -6.656103458631994485e-01 4.022847066394050763e-01 -8.753543906546672471e-01 -2.681822245519710490e-01
2.538282119719578733e-01 9.633994888337400475e-01 8.621289765462594734e-02 -9.534763044582919012e-01 2.642059233184375633e-01 -1.451832184517571900e-01 -1.626473966704584939e-01 -4.535035830442985666e-02 9.856415014385212503e-01
9.859193312127705333e-01 1.665969950635681485e-01 1.443999919504163933e-02 -9.216693553818147699e-02 4.693236660548305572e-01 8.782030246328890177e-01 1.395289515995301322e-01 -8.671682291900710826e-01 4.780700094639827036e-01
5.178856342635741461e-01 -8.550995243810847191e-01 2.448005773396228976e-02 -4.402052970972137880e-01 -2.418523168157705738e-01 8.647119481413435560e-01 -7.334942169035614246e-01 -4.585981468062061972e-01 -5.016711806701118492e-01
6.296576203530456217e-01 -7.768727561705769391e-01 4.302639954535712410e-05 2.893379359427054598e-01 2.344578353220808931e-01 -9.280695460365557814e-01 7.209818582708962253e-01 5.843785110491447332e-01 3.724069224225430852e-01
6.288073585857434367e-01 2.230514119719596844e-01 -7.448821204766132853e-01 3.931631218033521669e-01 7.352809889334886995e-01 5.520730268423130749e-01 6.708383303317297930e-01 -6.400077616172369366e-01 3.746545070160388069e-01
-7.425932794826017869e-01 4.725037298701413868e-01 4.746529748417038230e-01 4.908548429997671159e-01 -9.819375901539731388e-02 8.656901921554270851e-01 4.556498045329863134e-01 8.758414302539190288e-01 -1.590127186102441581e-01
3.225705614745050798e-01 9.047650259708193143e-01 -2.781159482123333193e-01 -9.389355411711286514e-01 3.430363308591256044e-01 2.694671104955938604e-02 1.197843161507482629e-01 2.524407326299212273e-01 9.601694611440036997e-01
3.266402044432938356e-01 -7.863172126282846897e-01 5.244153105752430433e-01 3.476187672575526411e-01 -4.160117634829731958e-01 -8.402948323619077176e-01 8.789012285186448281e-01 4.567706796284894399e-01 1.374524526523459578e-01
1.016977015304525722e-01 -1.594032795734134922e-01 9.819613902616861623e-01 -8.355968922197007931e-01 5.219620162688853870e-01 1.712702171578514287e-01 -5.398475814673996398e-01 -8.379416734079766504e-01 -8.011454768042602925e-02
4.120510170250530901e-01 4.954159782583874017e-01 7.647071124652266016e-01 -7.273135624265641974e-01 6.843726365608603368e-01 -5.146917754459901656e-02 -5.488432756980815563e-01 -5.349739272273199564e-01 6.423192009491682786e-01
5.333283157115819018e-01 5.646815912034125473e-01 6.298377634091413269e-01 -7.553255906660535368e-01 6.531183552084308674e-01 5.403393539999949702e-02 -3.808466354652811359e-01 -5.045504084289459401e-01 7.748449687575955647e-01
5.314411118733022299e-01 2.292222420139353734e-01 -8.154921878086714981e-01 8.469514267049971235e-01 -1.260439765847838345e-01 5.165135010520677250e-01 1.560850451639170244e-02 -9.651787812280167023e-01 -2.611250559673706229e-01
5.298482532181940652e-01 2.204828351523879515e-01 -8.189311008655082436e-01 8.432583064268230899e-01 -3.400931733023214443e-02 5.364315380147759438e-01 9.042265868572230136e-02 -9.747977665843806649e-01 -2.039437595473538034e-01
5.153932403686783958e-01 -7.856690279910823194e-02 8.533446253225184241e-01 8.498515790846854490e-01 1.747981858470522565e-01 -4.971899916046643164e-01 -1.101004146656156535e-01 9.814646381857755619e-01 1.568600098218938532e-01
5.766223144845434856e-01 -1.362439967415760289e-01 -8.055707788831282246e-01 -2.931536007507398178e-01 8.858374625557942084e-01 -3.596567200812292309e-01 7.626058436737578328e-01 4.435420648423251677e-01 4.708532296905721393e-01
5.233396998150409152e-01 -6.183377164825080291e-02 -8.498777225467526453e-01 -4.041550800232259766e-01 8.600355060550012309e-01 -3.114443764400597336e-01 7.501827976492949634e-01 5.064736054410633459e-01 4.251002906404643955e-01
5.068395483296763704e-01 -3.393807289976943919e-01 -7.924231149038770683e-01 -6.061036951504001902e-01 -7.939582379846629179e-01 -4.763010666920685504e-02 -6.129861197237672643e-01 5.044313998169451807e-01 -6.081093486411113247e-01
4.100597442448873364e-01 -8.753118681347555885e-01 -2.562813681332716809e-01 -5.600020810980596009e-01 -4.634210760255128569e-01 6.867594742420360943e-01 -7.198949057436507815e-01 -1.380943148641526619e-01 -6.802067956780056823e-01
8.973067262296569382e-03 -3.095740408454465409e-01 -9.508330017929164102e-01 -7.954962078178602347e-01 5.739386872125357142e-01 -1.943712084341580049e-01 6.058921252263557156e-01 7.581281531214711933e-01 -2.411149850866119715e-01
4.317647146746660392e-01 3.225927113384551292e-01 -8.423260495516022850e-01 -7.803579600476258094e-01 6.019301089766971868e-01 -1.694744762423232576e-01 4.523501800068310819e-01 7.304889366024688302e-01 5.116299719027236348e-01
9.219068873464447700e-01 3.636639509341857424e-01 -1.335523187897827702e-01 -3.433441533515793620e-01 6.072783585057487388e-01 -7.164689718681827024e-01 -1.794505041020414693e-01 7.063720875583219261e-01 6.847159925808814496e-01
-1.277266701754027345e-01 -2.811174341303482871e-01 9.511355770624257966e-01 7.648862723621968618e-01 -6.384027216778611624e-01 -8.597066538164474525e-02 6.313753939438623286e-01 7.165297992283846673e-01 2.965639201588152196e-01
7.400101970242806138e-01 2.129340108560706935e-01 6.380000120069215797e-01 -6.387659919138523046e-01 -7.455222258113508582e-02 7.657806302607328419e-01 2.106250599392144041e-01 -9.742181855872736884e-01 8.084559973580926484e-02
9.661631550691189840e-01 1.397045304973699720e-01 2.168211289182743473e-01 1.365959175625666988e-01 -9.901924154295244085e-01 2.933488931433936298e-02 2.187928542985945746e-01 1.274591837997692770e-03 -9.757704967478370017e-01
8.353795509107903028e-01 1.866848857482613366e-01 -5.170007343836621194e-01 5.427560276063632116e-01 -1.313995396724305376e-01 8.295481031687278461e-01 8.693043435441918931e-02 -9.735927867476383835e-01 -2.110928354443139254e-01
9.215959717125441486e-01 -1.532743767930787038e-01 -3.566059875295212178e-01 3.769041264590069495e-01 1.338245214274101924e-01 9.165338383949050982e-01 -9.275852727046023094e-02 -9.790801616228459459e-01 1.811018849576042367e-01
9.887671957996392313e-01 6.194217346550692088e-02 1.360242612804307694e-01 -1.484969896536411094e-01 5.104704220327864750e-01 8.469761462364068239e-01 -1.697281869119737080e-02 -8.576614223433614015e-01 5.139346340242481048e-01
9.592831132652659409e-01 -2.482945337623116699e-01 1.346318428450540283e-01 -3.623843704744007799e-02 3.645278441090503141e-01 9.304870910171545439e-01 -2.801119138566902644e-01 -8.974794010855982052e-01 3.406875993378363776e-01
-7.922601874164211799e-02 -9.213089498510398379e-01 3.806744762638067381e-01 -9.379636623007931995e-01 1.982084575746896893e-01 2.844952996960520841e-01 -3.375609665788283364e-01 -3.345193959552080765e-01 -8.798575836873434586e-01
5.720194146270385360e-01 -7.730558049643203311e-02 8.165890254674318394e-01 3.041252998089550852e-01 9.445774634427407390e-01 -1.236172219886498280e-01 -7.617752892460173397e-01 3.190568331507533384e-01 5.638272305537921358e-01
-3.771500135328402781e-01 -9.218821379613294509e-01 8.883237585490283417e-02 2.047364252155381981e-01 1.055368355466526978e-02 9.787602443670209151e-01 -9.032390954128042271e-01 3.873266624843638706e-01 1.847625315007968283e-01
-7.476617477803987333e-01 -6.631727838942153008e-01 -3.469538309279684291e-02 7.168081553250943427e-02 -1.325330003394909473e-01 9.885832612914335904e-01 -6.601997967210787577e-01 7.366388956082953188e-01 1.466266206609059819e-01
-3.474523994582058850e-01 -2.427655486684532349e-01 -9.057271766323679030e-01 -9.375869918297220496e-01 1.047800542158402182e-01 3.315897661120117967e-01 1.440357116927286005e-02 9.644096788285727584e-01 -2.640199017486016264e-01
9.994368722053856846e-01 3.337896351746153650e-02 3.432676916894519901e-03 -1.767777946953059259e-02 4.368187772534201097e-01 8.993758124120604380e-01 2.852077469744575267e-02 -8.989300309998142779e-01 4.371628584147225216e-01
8.089607660495360397e-01 -5.159586178318351091e-02 -5.855940112735088521e-01 4.116036290926157748e-01 7.609340947362314145e-01 5.015593244928665539e-01 4.197200632687650979e-01 -6.467744355761154695e-01 6.368028721471513665e-01
8.255224669357951184e-01 5.476183704304946748e-03 -5.643426866685490317e-01 3.625515307993070757e-01 7.611866048146077590e-01 5.377279425191603401e-01 4.325147906133596787e-01 -6.485098025958027090e-01 6.263912450201031268e-01
3.274881702661908145e-01 6.172200503102973634e-01 -7.153956302848490933e-01 -2.815325195423106774e-01 7.864997465116387865e-01 5.496886292959737297e-01 9.019373253036271354e-01 2.139061083938384455e-02 4.313368787758093958e-01
-2.019075828361796554e-01 3.593736117961336962e-01 -9.110894221413468053e-01 -2.953754529562829800e-01 8.645913593517587925e-01 4.064912337617492266e-01 9.338022648206214527e-01 3.511871132016095576e-01 -6.841740814294221262e-02
-4.457662245205507023e-01 7.334796915611954127e-01 5.131276791832493078e-01 5.906481104159090334e-01 6.717424809715010214e-01 -4.470982542130630955e-01 -6.726271498674509797e-01 1.037765933414005887e-01 -7.326685034417977915e-01
7.552242822632712071e-01 2.534550097771272048e-01 -6.044806378196103669e-01 5.903929614175180696e-01 1.375694320218259215e-01 7.953054774624938039e-01 2.847322155790940057e-01 -9.575151222785299732e-01 -4.574227824837497763e-02
-4.852276890777481450e-02 9.103339802427973249e-01 -4.110201762843633255e-01 -5.444548358722998138e-01 -3.691009866329439393e-01 -7.532153698391013119e-01 -8.373854981982846724e-01 1.872338272906198253e-01 5.135455396800916450e-01
2.627836499548339977e-01 9.610749262196023324e-01 8.532138951283677053e-02 -5.285717170742749715e-01 2.173748082352900124e-01 -8.205852378966026484e-01 -8.071906176520935450e-01 1.705379105555618058e-01 5.651195695052287915e-01
3.223571047498791087e-01 9.421453665428622948e-01 9.191303128006818313e-02 -5.118216602524947589e-01 2.551497295912384389e-01 -8.203274977628736142e-01 -7.963193361420122240e-01 2.173953168569488226e-01 5.644597338119092811e-01
-8.315686048791917084e-01 3.497331547377786620e-01 -4.314862406339695089e-01 5.540724553295273136e-01 5.764657395087720015e-01 -6.005755284872280608e-01 3.869586055877415748e-02 -7.384943951376782278e-01 -6.731483185196637242e-01
-6.003583397890646656e-02 -3.537422083225665315e-01 -9.334142428148024528e-01 9.163839077392903487e-01 3.512245967354127862e-01 -1.920463909697721627e-01 3.957729554617457901e-01 -8.668954566146487295e-01 3.030776056160439658e-01
-7.249180624273761087e-01 3.206389574384619356e-01 6.096592997234725475e-01 -6.865732163499708163e-01 -2.646616626610293621e-01 -6.771790183609911473e-01 -5.577653052489619373e-02 -9.094750481955375943e-01 4.120001399906673134e-01
-5.208288873680954056e-01 -7.551095555198490406e-01 3.981793932959459270e-01 4.766784429570920523e-01 -6.441979146420471203e-01 -5.981527470394499835e-01 7.081771897646198521e-01 -1.217316965028157338e-01 6.954613303150883885e-01
-5.651891148296657175e-01 -5.283423495470707110e-01 6.335736943348738714e-01 2.231006552047399283e-01 -8.372773200913995462e-01 -4.991921342607273937e-01 7.942212299638401474e-01 -1.407872541661543686e-01 5.910935517657760485e-01
3.206764731112999867e-01 9.445889706532507590e-01 -7.013042216563752929e-02 -8.510552340552255401e-01 2.548381447996097560e-01 -4.590887806756976386e-01 -4.157782920982082686e-01 2.069038338826182100e-01 8.856179849938522475e-01
2.178869350299860175e-01 -1.852956548397931835e-01 -9.582227318534722871e-01 1.825391308544165037e-02 9.824136885609199288e-01 -1.858228704578571699e-01 9.758032989287894754e-01 2.299706123878880043e-02 2.174374783105978148e-01
-5.599241355796736874e-01 7.877144002899879593e-01 -2.568871074443787594e-01 7.848210312255013976e-01 6.036278395028699117e-01 1.403188523443593683e-01 2.655953902866083904e-01 -1.230424924685862981e-01 -9.562006241922362815e-01
-7.284866835236675220e-01 6.808307537273223797e-01 7.600418875150255493e-02 6.828081088545550070e-01 7.305977584954211901e-01 4.199919299776652676e-05 -5.549989559588604238e-02 5.192687223925577383e-02 -9.971074974787291767e-01
-7.669189268801748227e-01 6.410498197786241859e-01 -2.984104815107033529e-02 6.397974176855284467e-01 7.673846288680049588e-01 4.219118035850332599e-02 4.994621022550719408e-02 1.326498921626681309e-02 -9.986638153779290317e-01
-7.511320897427169463e-01 2.930889562628364309e-01 5.915229898114696683e-01 3.245579390155172717e-01 9.442235892319200685e-01 -5.571317402544505998e-02 -5.748588765781900145e-01 1.501355296215752255e-01 -8.043609853570163892e-01
-9.549796805841217484e-01 -7.893272172135637477e-02 -2.859780325708737303e-01 -2.017136568629777568e-02 9.790010751010298495e-01 -2.028546547589628324e-01 2.959846713561337661e-01 -1.879535059334813685e-01 -9.365183147859492685e-01
9.569964073826375817e-01 2.745899577795073432e-01 -9.358542270766935511e-02 -1.033289443156975435e-01 6.240830235997754105e-01 7.744956480969831247e-01 2.710738008796280685e-01 -7.315194698305784726e-01 6.256183019505271448e-01
4.688365548600736954e-01 -1.923392504387954616e-01 -8.620892631088615810e-01 8.543784017071455184e-01 3.463962754963761936e-01 3.873592221937954272e-01 2.241201274390156317e-01 -9.181586099704568404e-01 3.267337377955304434e-01
2.087599260917724076e-01 -2.254832263921395519e-01 -9.516178896353034711e-01 8.472545811767352442e-01 -4.442942451257237413e-01 2.911396545014058312e-01 -4.884454605513212089e-01 -8.670409092793456285e-01 9.829086276380516463e-02
4.303450651190751652e-01 7.399967266838666236e-01 -5.169216279329220676e-01 5.412139764388999019e-01 -6.698381400216222303e-01 -5.083348285132234246e-01 -7.224199309507274291e-01 -6.100582488202926923e-02 -6.887581089871898099e-01
5.081682968479551699e-01 6.610664670878685367e-01 -5.520471974121531344e-01 8.597309553564849161e-01 -4.275078880227712874e-01 2.794632177588598498e-01 -5.126076940970213103e-02 -6.166264118331893362e-01 -7.855852606491872114e-01
4.827570734923371520e-01 2.523021108056976436e-01 -8.386234273355973601e-01 8.754037461160444344e-01 -1.119327497192398740e-01 4.702545489692646075e-01 2.477678912028013353e-02 -9.611527997271192003e-01 -2.749025396347034578e-01
4.827570734923347096e-01 2.523021108057137973e-01 -8.386234273355936963e-01 8.754037461160442124e-01 -1.119327497192036946e-01 4.702545489692730452e-01 2.477678912032054565e-02 -9.611527997271190893e-01 -2.749025396346997940e-01
2.776757889443089988e-01 4.307155405508404367e-01 -8.587084949866007344e-01 2.233591188349548784e-01 -8.983095863706550555e-01 -3.783524693560955665e-01 -9.343483613018368494e-01 -8.674105234881612780e-02 -3.456430667176643712e-01
5.669793219490080194e-01 6.427089185705064933e-01 5.152278083257670893e-01 1.379092531087599827e-01 5.425883439585194035e-01 -8.286005834582401697e-01 -8.121055882021913641e-01 5.408540792027750621e-01 2.190008644286390582e-01
-8.819982205034397893e-01 2.775663457905233611e-01 -3.808360050116863516e-01 3.755193317294090449e-01 -7.429272134025886876e-02 -9.238321400846349896e-01 -2.847180544438016603e-01 -9.578295856990188817e-01 -3.870548066336496063e-02
-3.009345032865089892e-02 9.867081326255206647e-03 -9.994983866687422447e-01 9.564981976731087299e-01 2.905835962641167836e-01 -2.593012592154968210e-02 2.901819809971177833e-01 -9.567987323822676471e-01 -1.818250852535202577e-02
7.023362987488878106e-01 4.974546038255022173e-01 -5.091783976098414044e-01 -5.753481967418608845e-01 -2.449793406947335314e-02 -8.175416220182409877e-01 -4.191636625061886390e-01 8.671440297661860974e-01 2.690038209305913308e-01
6.501963291595235228e-01 7.588318963720406263e-01 3.766811112722744798e-02 -6.676330694003264066e-01 5.469831915564740132e-01 5.050499705947847362e-01 3.626442033048090652e-01 -3.535301135732377698e-01 8.622677313957156642e-01
4.752232556251292928e-01 3.739127164580212104e-01 7.964622638794861542e-01 -8.701285491464463284e-01 6.542469736768596889e-02 4.884628101858391469e-01 1.305341536662084356e-01 -9.251534410276656129e-01 3.564434671603852189e-01
1.086372884578954562e-01 3.224657914517319313e-01 9.403264076372226388e-01 -9.723466315362534473e-01 -1.622516029582098118e-01 1.679775147976453609e-01 2.067364691983921698e-01 -9.325718367401515385e-01 2.959219519104366314e-01
3.096811978664621989e-01 3.240670181086912072e-01 8.939116977991363733e-01 -9.216092648568754431e-01 3.336183372079118414e-01 1.983309557497215658e-01 -2.339528128019902620e-01 -8.852566706061973933e-01 4.019784926202740749e-01
3.096811978664531506e-01 3.240670181087083046e-01 8.939116977991330426e-01 -9.216092648568723344e-01 3.336183372079340459e-01 1.983309557496972242e-01 -2.339528128020134934e-01 -8.852566706061826274e-01 4.019784926202928377e-01
5.936760428992798877e-01 5.780237126384319968e-01 -5.598547523377256363e-01 -3.376245225755446500e-01 8.104489563376692240e-01 4.787297472758699213e-01 7.304508456036504782e-01 -9.518968851123636721e-02 6.762991093872929849e-01
5.339126369593366617e-01 8.288383552205617066e-01 -1.672252283909394510e-01 -8.417652899265662958e-01 5.396964838943036913e-01 -1.260563155775978016e-02 7.980283685416186823e-02 1.474946988450765439e-01 9.858381312581838696e-01
4.882834087580736893e-01 2.919917411499641791e-01 -8.223868529054974008e-01 -4.661610778745909900e-01 -7.093838371625220685e-01 -5.286477286883731752e-01 -7.377487121008042825e-01 6.414946567764916452e-01 -2.102651733426526004e-01
8.569004689368751038e-01 2.441123249961850983e-01 4.540162542472686580e-01 2.113943363635267525e-01 6.368805166609485813e-01 -7.414146222263946484e-01 -4.701425537953226597e-01 7.312950022273091433e-01 4.941392504428001597e-01
8.412033322624746789e-01 -3.729259548877219554e-01 3.915395075360716959e-01 5.392212778510852011e-01 6.324151006731940639e-01 -5.561398690555793278e-01 -4.021650535727310655e-02 6.789531446363548106e-01 7.330792999977927549e-01
-7.486962661825252718e-01 -7.911769583389756388e-02 6.581749700575677542e-01 -3.121709808971712130e-01 9.179553066448400411e-01 -2.447597468708351820e-01 -5.848103792598443595e-01 -3.887138345988115917e-01 -7.119679593222185687e-01
4.313590779327898250e-01 7.278778355664883293e-01 -5.330320838148654428e-01 -6.258138772804219263e-01 6.669795388353197962e-01 4.043455029776754084e-01 6.498356229757018543e-01 1.591607717563235380e-01 7.432237293343861850e-01
4.991023207352855429e-01 8.059387841804145358e-01 3.183701455702902527e-01 4.267117651684194102e-01 9.118551477760690471e-02 -8.997790125145144202e-01 -7.541975489906501684e-01 5.849340800881226432e-01 -2.983926591723691235e-01
6.523317441168455799e-01 7.539262763612821772e-01 -7.783614474963262975e-02 5.748974049468256187e-01 -5.591046346647677856e-01 -5.974068808456947099e-01 -4.939192944225600512e-01 3.449596749018473685e-01 -7.981519612760044069e-01
2.592872802456596126e-01 -3.039078598337490167e-01 -9.167388499644156807e-01 8.140314271640136656e-01 5.795695394013458124e-01 3.810491552846390073e-02 5.197335296977945163e-01 -7.561343542845957444e-01 3.976655584514321440e-01
-7.930795506222935165e-01 5.298993894300111362e-01 3.003855247285436847e-01 5.511273253962823970e-01 8.342561796002562202e-01 -1.659210656686392615e-02 -2.593906274063921824e-01 1.523918104114753147e-01 -9.536735492469272657e-01
-8.511767013405686644e-01 4.998835254672724382e-01 1.600458811135085091e-01 5.180937461280474832e-01 8.490335433269007304e-01 1.035418395083556459e-01 -8.412546176987464874e-02 1.710511715019185086e-01 -9.816640990735204797e-01
-2.138275411677039162e-01 4.626061687924131194e-01 -8.603913732908875511e-01 7.417064781269632201e-01 6.500648225581476813e-01 1.651884583648043081e-01 6.357273652617690951e-01 -6.028360134129757686e-01 -4.821197548220565454e-01
6.664466798387912450e-01 6.405353382879476198e-01 -3.815275918412672218e-01 -3.097859610158230081e-01 7.033810288527869714e-01 6.397560367886325761e-01 6.781456195312000057e-01 -3.081713949320081802e-01 6.671948066766597574e-01
5.541935667312645197e-01 6.431710305103413017e-01 -5.283942809171439103e-01 -8.322757909632759743e-01 4.177430814015432037e-01 -3.644279431075470033e-01 -1.365644060996488302e-02 6.417333896980969010e-01 7.668062064018894564e-01
6.050942908181198288e-01 6.788820172483148729e-01 4.159087710979123553e-01 -7.788282209587933380e-01 6.131261231222032704e-01 1.322987504978717366e-01 -1.651892897783561187e-01 -4.039747068839781297e-01 8.997315903871143661e-01
-4.640691022260451382e-01 1.221996531825843627e-02 8.857147062156827122e-01 -4.513422012230403624e-01 8.571082851772519051e-01 -2.483054668662193765e-01 -7.621876971942366241e-01 -5.149913202454302619e-01 -3.922420863671002289e-01
6.825800114015100339e-01 -4.886293771891050408e-01 5.434389200111655605e-01 7.091295796487953607e-02 7.843860859742701752e-01 6.162059887104605060e-01 -7.273622759174316332e-01 -3.820730295084336370e-01 5.700564179925192709e-01
6.637623384990971598e-01 -4.114685056245478423e-01 6.245904473087238173e-01 -1.701546846326317253e-01 7.301081553023434090e-01 6.618077249916164417e-01 -7.283316149171200626e-01 -5.455600337635732044e-01 4.146050027099402180e-01
8.280839705408277185e-01 -4.837002436567968133e-01 2.833919759267939931e-01 -3.672784170518961777e-01 -8.617992251266559656e-02 9.261099207564749136e-01 -4.235368957968014270e-01 -8.709805366608754928e-01 -2.490168722330737827e-01
8.713483840937318314e-01 -2.446296206560006348e-01 4.253332131810821926e-01 -4.007553798607498274e-01 1.453317204133661444e-01 9.045848863176729759e-01 -2.831026652115953834e-01 -9.586631523842942260e-01 2.859792318856205565e-02
7.371420847215084393e-01 -4.061722730775149115e-01 5.400422497504000496e-01 -5.716192310186993808e-01 5.140636844585524251e-02 8.189071009661598177e-01 -3.603789695057406650e-01 -9.123494231193736148e-01 -1.942820847935464446e-01
2.586215329805913732e-01 -8.264204987777818978e-01 5.001440411308035738e-01 5.848821849942333895e-01 -2.780958988055639014e-01 -7.619550516558681874e-01 7.687832804862109182e-01 4.895833231099764316e-01 4.114370393844629104e-01
3.439209943893425242e-02 -1.496759777715334083e-01 9.881367745278575310e-01 4.465117989404081555e-01 -8.822544885852325880e-01 -1.491785198284602265e-01 8.941165454811712543e-01 4.463452912816994744e-01 3.648950599106254300e-02
7.578791643935253730e-02 -1.749391097912531279e-01 9.816580359714000004e-01 5.150807956341185712e-01 -8.360977159274229908e-01 -1.887654189460291621e-01 8.537844960472785738e-01 5.199393400064956650e-01 2.674167202896238563e-02
4.584519629374636529e-02 -5.821124927811411887e-01 8.118147964436923658e-01 7.280670488752110092e-01 -5.369565287867560377e-01 -4.261408904756949223e-01 6.839711911469139594e-01 6.105921158526396164e-01 3.992000472691205060e-01
9.105546859900890411e-01 -1.186305931292775673e-01 -3.960011946892160184e-01 -2.158534519065362089e-01 6.805374091435465456e-01 -7.001972022624927128e-01 3.525584364634085643e-01 7.230460684700422691e-01 5.940597038585362366e-01
5.526202404742737162e-01 -7.167713898172931586e-01 -4.252642055917028596e-01 1.597006399717577074e-01 5.918700841942940993e-01 -7.900541177846303054e-01 8.179893492037454417e-01 3.686849307677564913e-01 4.415482379242475219e-01
-7.452772003008327761e-01 -4.593878525114119538e-01 -4.832439297877476614e-01 -1.692834711868890785e-01 8.313919483324584414e-01 -5.292735914731404590e-01 6.449069708839174631e-01 -3.126503305818055245e-01 -6.973842339000916324e-01
9.609298943223683054e-01 -1.463875338556999695e-01 2.349136610102707801e-01 -1.314066728733999101e-01 5.056883543131238667e-01 8.526497373695882676e-01 -2.436103949381990819e-01 -8.502058446304229244e-01 4.666947580960427722e-01
4.071204811961380288e-01 -8.701194944731690528e-01 -2.777498499160384049e-01 9.131903776000973583e-01 3.816571720758857866e-01 1.429025446296509350e-01 -1.833706762862425538e-02 -3.118170430569734974e-01 9.499652012626509379e-01
4.007831546913861454e-01 7.420318286498310822e-01 -5.373654512398505778e-01 -4.983321214882562022e-02 6.033206202398652129e-01 7.959402491144135228e-01 9.148166558838721762e-01 -2.922207974528374663e-01 2.787785710083850454e-01
9.481686101569970493e-01 3.148006886037567065e-01 -4.332220178556498574e-02 -1.624183630425490577e-01 5.972850313845322612e-01 7.854112722838635374e-01 2.731237120052510403e-01 -7.376659933456191087e-01 6.174563306031396470e-01
-6.292571363035502907e-01 5.175680222174020573e-01 5.797920306360050402e-01 -3.690757703749277807e-01 4.575228567547263148e-01 -8.089844938372725558e-01 -6.839726106601119460e-01 -7.230464562702469955e-01 -9.687770611358295647e-02
6.426891192474563086e-01 -5.036177996682893454e-01 5.773385556657374407e-01 6.603281210331231055e-01 7.462521812607816329e-01 -8.410977669920981226e-02 -3.884809758196585694e-01 4.352893219696487570e-01 8.121611524847819341e-01
6.533088853011195241e-01 -5.145755528515604249e-01 5.553372856148947045e-01 6.908368462764058471e-01 7.052618526725099590e-01 -1.592173702577975025e-01 -3.097288365869057536e-01 4.876655816975909441e-01 8.162415869177899186e-01
9.114593224580137543e-01 3.945085629895699886e-01 1.166400327172582713e-01 3.213232125903177083e-01 -5.056494536527949002e-01 -8.006684851243164314e-01 -2.568916046799042951e-01 7.672559049942428988e-01 -5.876436672818395879e-01
7.635109930536123635e-01 6.352311000333835667e-01 1.163289002641361425e-01 6.075862749419177478e-01 -6.455465515073003369e-01 -4.627186708349220190e-01 -2.188375698743032782e-01 4.239706350531953216e-01 -8.788395864002140900e-01
9.829342603441351134e-01 1.337008017151055106e-01 1.263500512958591337e-01 -3.433164668826003962e-03 -6.733925714967623488e-01 7.392771185647061261e-01 1.839251293926008335e-01 -7.270945882577560804e-01 -6.614416123167632389e-01
7.520256455402722917e-01 -4.365874418709631000e-01 -4.938105244426297391e-01 -6.470704875193040717e-01 -3.463227005254010948e-01 -6.792351369609228584e-01 1.255277365018063473e-01 8.303324591399289245e-01 -5.429464012841154208e-01
8.371969981820656104e-01 -2.274439420313918714e-01 -4.973634882740789465e-01 -5.424583465310816033e-01 -2.296558058473520125e-01 -8.080823925314600809e-01 6.957103214488009890e-02 9.463231287852074125e-01 -3.156460159933462961e-01
7.522057000650118619e-01 -6.465344781872263136e-01 1.271996592168253282e-01 6.061493989821468142e-01 6.032398293845748771e-01 -5.183479664835690670e-01 2.583979313061302019e-01 4.670062919910610288e-01 8.456569235437454424e-01
1.616287272637390027e-01 8.808270597961910253e-01 -4.449942081127585825e-01 8.157074506300222572e-01 -3.730360636537722874e-01 -4.421147477752443988e-01 -5.554255211185140650e-01 -2.915266470573422697e-01 -7.787905395841238088e-01
4.219773478594369132e-01 8.495433367511604494e-01 3.165615846485798635e-01 -7.580738333589212008e-01 5.221472591489288995e-01 -3.907509474585721954e-01 -4.972516275187304213e-01 -7.508900548659298846e-02 8.643508895032203654e-01
7.169901861797747245e-01 5.384413245492861849e-02 6.950006347637879278e-01 -4.366520591796647088e-01 8.118650348878930778e-01 3.875695348458630951e-01 -5.433783692198749238e-01 -5.813570112475261453e-01 6.056104138283071592e-01
-5.581142616082789276e-01 7.870109655892311151e-01 -2.629110325409561022e-01 -5.323217683099322750e-01 -9.654669079201071147e-02 8.410185916378422055e-01 6.365076637188531450e-01 6.093377360211809091e-01 4.728271539238725341e-01
3.426517692444186469e-01 6.426651799364789808e-01 -6.852526771424413132e-01 -8.803059992490357422e-01 4.743828798309954187e-01 4.714977137611455621e-03 3.281022900252701380e-01 6.016164474318040911e-01 7.282901464798965385e-01
-1.586703518518512712e-01 -9.350146323191961262e-01 -3.171298736987861466e-01 7.993435026639553742e-01 6.688542511332291884e-02 -5.971401047127290473e-01 5.795461018694966215e-01 -3.482441345613855321e-01 7.367851373035850804e-01
2.083716727783235106e-02 9.368132727210070065e-01 3.492086833307440630e-01 -1.526465742693820966e-02 3.495419093658336251e-01 -9.367963726608493635e-01 -9.996663456841355933e-01 1.418963180084487422e-02 2.158359691716375817e-02
4.528367428377970683e-01 3.482629539508626526e-01 -8.207629372976550375e-01 -5.125192709011849868e-01 8.549414075043928474e-01 7.999491664678076708e-02 7.295634868131578576e-01 3.844321847085999111e-01 5.656403575322400679e-01
8.998338401017496047e-01 -1.313833533007462695e-01 4.159777333983035175e-01 4.272208447941564513e-01 7.258604996703015011e-02 -9.012289471180733313e-01 8.821230062245247194e-02 9.886706629740942276e-01 1.214450912686842882e-01
5.060116890966466219e-01 -3.897340277593243085e-01 7.694540649733768722e-01 4.103852143149989695e-01 -6.758597575585484352e-01 -6.122071250684140153e-01 7.586409864812152515e-01 6.255565327925163288e-01 -1.820518550067928842e-01
4.718041111073430494e-01 -7.879101430008310647e-01 3.957252674503108913e-01 8.796355914761102568e-01 3.899057859868055864e-01 -2.724237586233717590e-01 6.034987117371249515e-02 4.766246789775174242e-01 8.770329574416773077e-01
-2.089432061323310275e-01 8.101712632546761439e-01 5.476908441880918854e-01 9.038358126046523999e-01 -5.385485493866674217e-02 4.244767113197404629e-01 3.733946443970900253e-01 5.837141242045266187e-01 -7.210091960160515123e-01
5.749780772791802663e-01 8.073274288747382954e-01 1.327502664209827266e-01 -8.104146043677306066e-01 5.842675542003653577e-01 -4.312301167843462374e-02 -1.123760636249203221e-01 -8.278796829991739992e-02 9.902109737974729153e-01
7.813886680488898451e-01 -1.988072178016620506e-01 5.915297453169572339e-01 -2.932199167442136045e-01 -9.537084179453878541e-01 6.680070332430600166e-02 5.508664355987740180e-01 -2.256456152688727512e-01 -8.035111862573126595e-01
8.684313759841357783e-01 -3.647208550839914909e-01 -3.358655133726931585e-01 4.737587985916870692e-01 4.106409345630124830e-01 7.790549554544768940e-01 -1.462174612119290507e-01 -8.356750090364182260e-01 5.294031859638930193e-01
8.718924694037792911e-01 -2.998274759431023839e-01 -3.871782618724457503e-01 4.799966307778202879e-01 3.666652527921054339e-01 7.969691504925658920e-01 -9.698843353163622005e-02 -8.807156618707818740e-01 4.636088509687769088e-01
6.369427138857800541e-01 2.473624936128419535e-02 7.705141771540312545e-01 -4.555141123556012417e-01 8.184219277320496921e-01 3.502748087605567218e-01 -6.219412131967989588e-01 -5.740850687614965642e-01 5.325555944240957240e-01
-8.719924599222070860e-01 -4.673240141826429661e-01 1.457306268669650295e-01 4.197369828576127393e-01 -8.669754572372846413e-01 -2.686529764766980577e-01 2.518928642506692017e-01 -1.730948361922500789e-01 9.521492333784506990e-01
-7.959032862195485336e-01 6.043542065960449960e-01 3.597154367814466708e-02 -5.620525697984992686e-01 -7.596645318879354791e-01 3.271187976475629089e-01 2.250219273044895274e-01 2.401370274679625605e-01 9.442983322398831314e-01
