-1.227138600097377186e-02 9.838760525738556861e-01 -1.784301719365385397e-01 -5.522938057714570359e-01 -1.554236507161195213e-01 -8.190329913407358164e-01 -8.335592151683618445e-01 8.849520873901206564e-02 5.452959130950308930e-01
-6.274742676496267713e-01 -3.879846658422838601e-01 -6.750880998127697374e-01 7.785267252302106034e-01 -3.272288403364118636e-01 -5.355533812370261160e-01 -1.312179636669164040e-02 -8.616200932681052915e-01 5.073841082816572534e-01
8.646641500634770772e-01 -4.545224122659997645e-01 2.139282224085949924e-01 -2.059800563461881284e-01 6.762427167736639877e-02 9.762167660247015322e-01 -4.581791396196752686e-01 -8.881645875782270272e-01 -3.515026869558446343e-02
6.904264560995176936e-01 6.784367491833593888e-01 -2.510674930678529204e-01 -5.627621055898894831e-01 2.856475499981224742e-01 -7.756960034008840710e-01 -4.545438606228169309e-01 6.768523136826717357e-01 5.790171191187005739e-01
-9.664108041603158838e-02 -9.949922682840555144e-01 -2.551249950459644200e-02 -1.219020883823866419e-01 3.727176691184397317e-02 -9.918420722268651568e-01 9.878260891594404791e-01 -9.274266249261498007e-02 -1.248936192515293087e-01
8.662905214693847888e-01 -4.565777006224251422e-01 -2.026759376606915852e-01 4.509224655695362460e-01 5.401314012954818722e-01 7.105821552637455740e-01 -2.149643283361028501e-01 -7.069617193518461518e-01 6.737918557789859264e-01
1.048274127399018152e-02 1.765482563487338896e-01 9.842361633853963232e-01 -9.724866913695555670e-01 2.308790306683714544e-01 -3.105653404242159077e-02 -2.327224682846019688e-01 -9.568310124456957944e-01 1.741110748277303610e-01
7.398111805693998733e-01 -5.653181459529340591e-01 -3.648216152599076390e-01 -3.089008709748366499e-01 1.963134600143124908e-01 -9.306133876794360216e-01 5.977120285016005452e-01 8.011719036970443852e-01 -2.939237504788883015e-02
7.073317848190100454e-01 -5.761991079692512230e-01 -4.094830083900832252e-01 6.512700082979483440e-01 7.564226593729100889e-01 6.059815738786752948e-02 2.748256219429768832e-01 -3.095470050939819195e-01 9.103029875601871268e-01
3.159517898382682155e-01 7.034769692432959465e-01 6.366275365095839245e-01 -8.010138839133772448e-01 5.573909899290394598e-01 -2.183850776127617410e-01 -5.084793253181503214e-01 -4.409483394800260969e-01 7.396035002849881135e-01
1.377395730344601610e-01 -8.344709959364742247e-01 5.335597126480533525e-01 -8.800292334811434802e-01 -3.503027626492400959e-01 -3.206813413638235355e-01 4.545067196850621216e-01 -4.253776338985145733e-01 -7.826094238763199318e-01
8.365766078092805591e-01 -4.184745194277253999e-01 -3.535797729735843942e-01 8.243154795451582140e-02 7.341968198156054726e-01 -6.739139927872648261e-01 5.416129791355996925e-01 5.346345540295591725e-01 6.487073874016502373e-01
7.915241811424308382e-01 5.746367671157959212e-01 2.080434006295581728e-01 -5.059724839179386979e-01 8.071016848145335931e-01 -3.042675071174253953e-01 -3.427554757910011851e-01 1.355708532400964339e-01 9.295908925796533273e-01
6.286085817679913923e-01 1.220736313426622477e-01 -7.680815578169092328e-01 -4.224115831225829787e-01 -7.756438503404787799e-01 -4.689830187468086997e-01 -6.530081970170876771e-01 6.192532970924031765e-01 -4.360110648466157812e-01
2.431722064890290413e-01 -5.712749587224341674e-01 -7.839082851507173100e-01 9.315425318119161524e-01 -8.771807439215884017e-02 3.528938237634328123e-01 -2.703623298773374928e-01 -8.160578784385411621e-01 5.108363237101340992e-01
6.611665871172276443e-01 -3.389104526818647045e-01 6.693268627081472300e-01 -6.790444043660297524e-01 1.090039029411007387e-01 7.259592592169279435e-01 -3.189944215483105361e-01 -9.344826666164443019e-01 -1.580655079847532729e-01
7.881842260810623113e-01 2.370625205833462867e-01 -5.679498103632638628e-01 -5.370832588616716308e-01 -1.856611121503557449e-01 -8.228435601532164689e-01 -3.005115618533228949e-01 9.535886496649190747e-01 -1.901284888471166390e-02
-8.162642358966487599e-02 -8.182944554929529879e-01 -5.689739107212669067e-01 8.197042297584744563e-01 2.696193872115096868e-01 -5.053616148420416732e-01 5.669410045922119723e-01 -5.076411824794966332e-01 6.487513600469688724e-01
8.717050679905896660e-01 1.531969713516950771e-02 4.897913650925342366e-01 -3.478264991502407200e-01 7.233971864411723462e-01 5.964169993703093420e-01 -3.451767676545006158e-01 -6.902621368209925778e-01 6.359175902134713843e-01
-3.884751777228416803e-01 -7.567444847782894835e-02 9.183465653775720883e-01 -9.196025323563170595e-01 -3.139545588638692486e-02 -3.915935492746717705e-01 5.846553495056272531e-02 -9.966382007515377506e-01 -5.739405914972572909e-02
4.645315036803806530e-01 -8.115212246355708592e-01 -3.544626694793513444e-01 1.623980334163618311e-01 4.715491278458763258e-01 -8.667573471106500005e-01 8.705385464360224645e-01 3.450720533363674236e-01 3.508388763738712335e-01
9.954288307307100903e-01 -6.392184615978747930e-02 7.096083802785800587e-02 4.370707873089384188e-02 9.655212177091175851e-01 2.566290502307064791e-01 -8.491839741129646180e-02 -2.523544644681909865e-01 9.639014939526081571e-01
-2.937677519534613868e-01 9.466597936993473850e-01 1.324225921258105343e-01 -6.119138409375898258e-01 -7.981638980985450438e-02 -7.868867740575690162e-01 -7.343445779613381186e-01 -3.121931756314199058e-01 6.027217118272359953e-01
-1.921355191345939240e-01 -1.764637347232312359e-01 -9.653727221205337106e-01 7.408491971577531032e-01 -6.712150399332097450e-01 -2.475554964391374346e-02 -6.436042334832741130e-01 -7.199520265232877136e-01 2.596972663456789121e-01
9.422040946132829164e-01 -2.065252486301266677e-01 -2.638157799909404688e-01 6.073359761567236059e-02 8.796540088843955996e-01 -4.717205261320195908e-01 3.294888074193439986e-01 4.284345298080864395e-01 8.413566303616455411e-01
4.432230520658611006e-01 8.925451892766165241e-01 -8.316496387657484890e-02 -6.314833120803704514e-01 2.450379133592953673e-01 -7.356529396261037856e-01 -6.362249230275629497e-01 3.785756280001282281e-01 6.722338441367559092e-01
-3.885654367804025622e-01 -9.167663240221857190e-01 9.250085663659673996e-02 -1.225341665448017037e-01 -4.808579552384784073e-02 -9.912987109332936919e-01 9.132372525082548265e-01 -3.965189319662906220e-01 -9.365071928974333382e-02
8.447083756238732422e-01 -4.901879534064083055e-01 -2.149035376305248879e-01 4.012977748732912131e-01 3.143596860413044869e-01 8.603127824656320310e-01 -3.541579535075031759e-01 -8.129537244685269837e-01 4.622535947292653047e-01
5.052662140797723467e-01 -4.288912734016553374e-01 7.488379854877824648e-01 -8.418846842974977429e-01 -5.436223103576098836e-02 5.369124008459080777e-01 -1.895685397285009066e-01 -9.017189270702490322e-01 -3.885443929700733712e-01
6.385357731927221447e-01 -7.166378009240894631e-01 -2.805393531037273513e-01 -4.469919560164534733e-01 -4.861325559063822688e-02 -8.932160671626235837e-01 6.264744668458225307e-01 6.957492462572739678e-01 -3.513726351363721800e-01
6.373710527461555753e-01 -6.095324387297937907e-01 -4.714110173270961712e-01 7.591448270863636605e-01 6.016121945899512991e-01 2.485194133839001562e-01 1.321259725764495907e-01 -5.162683153717385620e-01 8.461735956137809156e-01
2.907270857497403771e-01 5.094475107099986078e-01 8.099018430914014521e-01 -8.523270830676071830e-01 5.225154732463622720e-01 -2.271835574143421521e-02 -4.347600546059026128e-01 -6.836964341354400121e-01 5.861253115755680199e-01
5.435133592562912952e-01 -7.454561288483814163e-01 3.858605813922006966e-01 -8.393951521879474686e-01 -4.810375843289473874e-01 2.530190130135359650e-01 -3.001132005441525807e-03 -4.614087151597344172e-01 -8.871826141112828523e-01
6.192609410704619233e-01 -6.631852425617923430e-01 -4.203584433703961842e-01 4.743530970730384655e-01 7.426075777393865707e-01 -4.727823228307690417e-01 6.257036248590401861e-01 9.337729666411209717e-02 7.744518411792691293e-01
7.276929424646469968e-01 5.563759140463404584e-01 4.011344210563878021e-01 -5.636950976838386307e-01 8.183001701919990767e-01 -1.123951436270848869e-01 -3.907823157902002298e-01 -1.443283538770005203e-01 9.090976338836239679e-01
1.228507173024218080e-01 5.003161704809495625e-01 -8.570830944625833503e-01 -1.325439827715270691e-01 -8.476164242352999256e-01 -5.137883708275468031e-01 -9.835343379309851031e-01 1.767204768040225582e-01 -3.781638783407692550e-02
4.109015406649604296e-01 -4.961223052951487800e-01 -7.648676892559843621e-01 7.223435003700308110e-01 -3.346877048561178736e-01 6.051479221573148326e-01 -5.562191936209440746e-01 -8.011534175217449594e-01 2.208470290515482937e-01
9.755578442701338115e-01 1.834125153111921258e-01 -1.210237237496483431e-01 -2.187765087712290613e-01 8.622799175250598358e-01 -4.567386375629376993e-01 2.058474417819714658e-02 4.720521084162191960e-01 8.813302872629082962e-01
5.840809048368222900e-01 4.955482981939712817e-01 -6.428696452330422417e-01 -5.006464368099511342e-01 -4.034713677061674275e-01 -7.658746638653181060e-01 -6.389073813272925229e-01 7.691831638812521854e-01 1.243456823247823806e-02
-2.348568049619172982e-01 -7.084441508145872257e-01 -6.655442632460130126e-01 9.169342441006381739e-01 6.577350096893608278e-02 -3.935802822371577969e-01 3.226048250703502651e-01 -7.026953335172275716e-01 6.341493476259680850e-01
8.524332628419785118e-01 -1.380165186097493946e-01 5.042905640515427113e-01 -3.640669079144190912e-01 5.355725168666318758e-01 7.619825232502220880e-01 -3.752503417216462855e-01 -8.331347548674140624e-01 4.062925808697492869e-01
9.292245254481759087e-01 -2.542423084518008469e-02 -3.686399188795799198e-01 -3.110288993781356592e-01 4.848188033362976768e-01 -8.174422008210648904e-01 1.995064035494545918e-01 8.742450093752274221e-01 4.425978519212117046e-01
1.240476369036620508e-01 -9.398320630949869026e-01 -3.183203998446188510e-01 2.901808062500687013e-01 3.411332887581877138e-01 -8.941046801046750314e-01 9.488979310034759695e-01 1.854110243873391406e-02 3.150380041481963822e-01
9.831713929561982646e-01 -1.470092605219028292e-01 1.084540888734584069e-01 7.724234785198542952e-02 8.725079818881689153e-01 4.824556365509138356e-01 -1.655525045744750678e-01 -4.659593317685974956e-01 8.691802283570885246e-01
-4.443639002690358275e-01 7.334002124468874673e-01 5.144558800524593467e-01 -7.375137351078195902e-01 2.650188141511844453e-02 -6.748119299543922089e-01 -5.085412615167060890e-01 -6.792803387882788702e-01 5.291162506204831750e-01
6.758566098066787209e-01 -4.616060996085679102e-01 -5.745760626625405765e-01 5.970024706474821863e-02 -7.427311220072994047e-01 6.669230547088523808e-01 -7.346112737230697798e-01 -4.850466876558831020e-01 -4.744217399245380662e-01
9.363749681500354027e-01 -2.774847973851870542e-01 -2.149514043734586100e-01 2.548524257275205374e-01 9.585712853683354684e-01 -1.272451648122469303e-01 2.413548427581660993e-01 6.436830033020077280e-02 9.682998305224379543e-01
2.179012301126056483e-01 9.653123971936211634e-01 1.438437685119441922e-01 -6.957746151253564326e-01 2.570019278323006917e-01 -6.707068614809625906e-01 -6.844097740846308842e-01 4.606500748708791670e-02 7.276408978490963575e-01
-7.510146384940938891e-01 -6.546789631761285033e-01 8.586307671063048153e-02 1.128583024012663749e-02 -1.427479171509575817e-01 -9.896947318162581109e-01 6.601890962469596502e-01 -7.423061951268448144e-01 1.145943710350986189e-01
8.408161922939557664e-01 -5.116054006994631420e-01 -1.768842693724782256e-01 2.333718508518321244e-01 4.775221499690274207e-02 9.712143456482096315e-01 -4.884318888097743949e-01 -8.578925573392226500e-01 1.595451348543249770e-01
8.415663806721844775e-01 5.176433468545990069e-01 -1.543094047020119319e-01 -4.758500803020541681e-01 5.753009167083009689e-01 -6.652785554270611579e-01 -2.556026760400770259e-01 6.333042086483856581e-01 7.304745384401796215e-01
5.946742995267915166e-01 -7.798085371522314180e-01 -1.956045062538620538e-01 -5.753200385750902868e-01 -2.428161838535307648e-01 -7.810551543090702431e-01 5.615775375638494271e-01 5.770086188639698133e-01 -5.930360217224734942e-01
5.844206659959123584e-01 -6.129407938144648682e-01 -5.317481249943322164e-01 8.104215947264972186e-01 4.078951310415435128e-01 4.205215819355330731e-01 -4.085736112202187353e-02 -6.767016664311504837e-01 7.351227997358324995e-01
3.257134360830117314e-01 2.334515619697584143e-01 9.161938254369966783e-01 -8.803689645839642974e-01 4.282431125823247253e-01 2.038585851102694968e-01 -3.447625904189092205e-01 -8.729880896894770537e-01 3.450080455698983917e-01
8.788259655225202360e-01 -2.351587699292160549e-01 -4.151689719244299748e-01 -3.406545513247078993e-01 3.000239398916821898e-01 -8.910331711859185155e-01 3.340948951797558242e-01 9.244922868349148004e-01 1.835609233948708452e-01
4.403806146413870026e-01 -7.453479596632230919e-01 -5.005210617685781349e-01 7.049561838216245047e-01 6.322900498257437718e-01 -3.213192676809323856e-01 5.559691476509524000e-01 -2.113426410292748581e-01 8.038859340373138984e-01
6.876950759332272067e-01 4.640616222595194684e-01 5.583209590218300988e-01 -6.044399359464777133e-01 7.919694437313549162e-01 8.623667450027364123e-02 -4.021540082732122934e-01 -3.967760211274256044e-01 8.251308639773923259e-01
-7.717357770644679427e-01 5.767015092280832755e-01 -2.680284679894157640e-01 -8.714489757690127569e-02 -5.133914867578857066e-01 -8.537183072599763278e-01 -6.299441699269971995e-01 -6.354876478568083353e-01 4.464591719255049940e-01
7.717501006282205811e-01 -5.441999408571712715e-01 -3.290109520234587581e-01 5.046160511899855372e-02 -4.633353850211934244e-01 8.847451313209225843e-01 -6.339206642704949823e-01 -6.994045648680836669e-01 -3.301179274934042951e-01
9.605797991709168482e-01 2.660117718344970350e-01 8.077243756525340213e-02 -2.483591623986569075e-01 9.516795327760300127e-01 -1.806205784173966211e-01 -1.249166757378647186e-01 1.534399040037135731e-01 9.802305953100690639e-01
2.501272124292166499e-01 7.388051954879868433e-01 -6.257821192095114338e-01 -4.104473479851709072e-01 -5.044664729952006432e-01 -7.596358023130050929e-01 -8.769089759686177210e-01 4.468561969400673961e-01 1.770598405114216511e-01
-2.725340204703983193e-01 -5.459174442609444622e-01 -7.922747955967290867e-01 9.619150107926064397e-01 -1.726457695171705886e-01 -2.119267568753025466e-01 -2.108837827098059003e-02 -8.198582696536167447e-01 5.721780299718588481e-01
8.198626953609123857e-01 -3.146739617848247628e-01 4.783361355053395436e-01 -4.111010957787200049e-01 2.579682720692560993e-01 8.743273183740390975e-01 -3.985235875140586415e-01 -9.134728613266215325e-01 8.213575235352499337e-02
7.758662274196803654e-01 4.616133939953825371e-01 -4.300519406230096098e-01 -5.313888337383975147e-01 1.107023089485905665e-01 -8.398636235553939011e-01 -3.400845549678764290e-01 8.801466203295417179e-01 3.311863858838205443e-01
-1.876521428250521595e-01 -9.377706304240800428e-01 -2.921864439141374503e-01 3.818955412907931168e-01 2.044094023572340380e-01 -9.013171427251177592e-01 9.049544015227386495e-01 -2.807187933537432789e-01 3.197725601464892486e-01
9.640489732991943672e-01 -2.362549572266584852e-01 1.216271855573374944e-01 9.281143042606523896e-02 7.282682154559716459e-01 6.789782358359081060e-01 -2.489891874420190332e-01 -6.432798780798324456e-01 7.240133859222209756e-01
-3.552025461411640883e-01 3.291520704402413622e-01 8.749228913108495487e-01 -9.075038841464104777e-01 1.030640959104797139e-01 -4.072032568550181253e-01 -2.242049318681742509e-01 -9.386355558250805142e-01 2.620981531162123179e-01
6.956348169818007410e-01 -6.219576711720340434e-01 -3.595286590425810225e-01 -1.234839585604900758e-01 3.894916509822777817e-01 -9.127146135530704862e-01 7.077032664760900538e-01 6.793120851901278678e-01 1.941421580536100144e-01
9.129822581100460743e-01 -3.502122158007279218e-01 -2.093198516152391941e-01 3.822366067822720037e-01 9.136055038138382045e-01 1.386367910644130119e-01 1.426834707030078531e-01 -2.065826403766961028e-01 9.679695449150952369e-01
4.704205445446218992e-02 9.135533671530191580e-01 4.039892207424405357e-01 -7.700741729056714835e-01 2.907627571667399380e-01 -5.678404593443844295e-01 -6.362175833284942073e-01 -2.843892832161162287e-01 7.171819310715197293e-01
-8.149561321464726671e-01 -8.327810803061413969e-03 -5.794628117869945472e-01 4.941182248976200286e-01 -5.324468471303660522e-01 -6.872754431848691059e-01 -3.028096473048479398e-01 -8.464224728515670204e-01 4.380357462022387294e-01
8.069526567547176121e-01 -5.615572872513302505e-01 1.829776568093215705e-01 -3.824858001063579649e-01 -2.608081745735233437e-01 8.863880125501616414e-01 -4.500355791195870259e-01 -7.852595171091868442e-01 -4.252475376953337438e-01
6.734171083074490527e-01 7.364227245299628244e-01 6.473769407926061037e-02 -5.875446643988411211e-01 5.863037623383666741e-01 -5.577088537976865323e-01 -4.486654272119557363e-01 3.375343968601459688e-01 8.275082267633179223e-01
6.060585599671084456e-01 -7.829294341378643107e-01 -1.404084151721623208e-01 -6.792379623815361089e-01 -4.175507740210071539e-01 -6.035620445109489696e-01 4.139188475418504876e-01 4.611646693698698285e-01 -7.848556143486551395e-01
5.659633563359586228e-01 -5.901052267115698413e-01 -5.757267587081770222e-01 7.883333698942878165e-01 1.829885663343033819e-01 5.874058924645140234e-01 -2.412798731681792541e-01 -7.863148262614683137e-01 5.687644651394321293e-01
4.516621614310273314e-01 -1.516281743532583159e-01 8.792099798533627997e-01 -8.533564732548872822e-01 2.141499727632789618e-01 4.753130744251285456e-01 -2.603536469601173131e-01 -9.649604582094464256e-01 -3.266944454351539129e-02
8.453907759568594082e-01 -2.294004043458795772e-01 -4.823794050464904615e-01 -5.145545582074392277e-01 -1.073972978213615370e-01 -8.507052527454010971e-01 1.433458843322895915e-01 9.673888953810751978e-01 -2.088317086516726651e-01
2.881313239997357334e-01 -7.568572458909197387e-01 -5.866408181098307084e-01 8.626970106899618518e-01 4.710543845998574897e-01 -1.840153104930499217e-01 4.156130506574154948e-01 -4.530727050834794656e-01 7.886640070597713548e-01
6.679154944369570801e-01 3.171370944747033405e-01 6.732851963315236166e-01 -6.312450820279014163e-01 7.206158446339874235e-01 2.867794464009456590e-01 -3.942315800473412124e-01 -6.165524047237088689e-01 6.815017193835894993e-01
-6.003966487837735233e-01 -1.763841864190094921e-01 7.800080018246725588e-01 -7.728049295917318595e-01 -1.228675609402563040e-01 -6.226364133804824785e-01 2.056608979070468912e-01 -9.766228449354932284e-01 -6.254129693387167066e-02
5.953467875315492375e-01 -7.020285282419058692e-01 -3.907916940140463424e-01 2.585309165119268338e-01 6.278924397347773745e-01 -7.341068378181830889e-01 7.607390931083846120e-01 3.360164127812995671e-01 5.553098257353457079e-01
9.435089660726473371e-01 2.404422624954867249e-01 2.279876078794101368e-01 -2.610763294325917361e-01 9.631488388010165380e-01 6.467970722149522789e-02 -2.040342646481934641e-01 -1.205480515077078235e-01 9.715133484040072709e-01
-1.869953316267396470e-01 8.829139243791528369e-01 -4.306921732365351363e-01 -3.483323499173295867e-01 -4.695318553508966986e-01 -8.112979790507406364e-01 -9.185299777094251272e-01 -1.684917846212830028e-03 3.953477470543806938e-01
-8.612588939518039943e-02 -3.842923280697783106e-01 -9.191853663775327865e-01 8.900497673792446829e-01 -4.442302268057682912e-01 1.023274996286346328e-01 -4.476535968402818311e-01 -8.093076746076276473e-01 3.802990205840041105e-01
9.591812535220429758e-01 -8.481642451655663217e-02 -2.697730472528890866e-01 -9.845715591597425931e-02 7.941179838539126346e-01 -5.997356218941264361e-01 2.650990594868639638e-01 6.018162525655353923e-01 7.533522992645313998e-01
5.190486641218663433e-01 7.588491929022395110e-01 -3.933654620132858160e-01 -5.633167596455833648e-01 -4.242879610325811512e-02 -8.251509107815542254e-01 -6.428551256509558165e-01 6.498828353579189088e-01 4.054498584676604622e-01
-4.695450882801428527e-01 -8.290090969270103027e-01 -3.037619582572116395e-01 4.723563863057738121e-01 5.479742895285577564e-02 -8.797026123050377677e-01 7.459268425175110684e-01 -5.565439416545829854e-01 3.658578776238617936e-01
9.383333936560281918e-01 -3.240140800468396254e-01 1.206039729086957890e-01 7.598178602843740082e-02 5.335727832500931633e-01 8.423341695352728475e-01 -3.372791285299017727e-01 -7.812265746287367918e-01 5.252883289698722091e-01
1.663700484272740976e-01 -2.704021180282965564e-01 9.482635190452692875e-01 -9.840177311686191253e-01 1.638444857450005454e-02 1.773151279239112421e-01 -6.348316101195572436e-02 -9.626080429804858563e-01 -2.633545971825999032e-01
4.210167613758631910e-01 -8.726464698574695200e-01 -2.474530769375803962e-01 -1.487454097961947719e-01 2.026941582180865620e-01 -9.678790633590662607e-01 8.947735410175814419e-01 4.443008179933477519e-01 -4.446451872336631972e-02
8.810571543636236402e-01 -4.152193430866895629e-01 -2.265638715049950458e-01 4.719909072387084570e-01 8.031691390835077327e-01 3.635160484873233289e-01 3.103021476971781767e-02 -4.272145025049068900e-01 9.036176706001438630e-01
-4.388053978270356481e-02 7.448529718769725250e-01 6.657841606064389683e-01 -8.524958486403142466e-01 3.195514836315337392e-01 -4.136878984934369008e-01 -5.208889769225386601e-01 -5.857310812949297896e-01 6.209619747824043356e-01
6.315115883538408026e-01 -3.544576631906607433e-01 -6.896034213808871494e-01 -4.430353699829966962e-02 -9.044329680898324231e-01 4.243090888039723341e-01 -7.740996772924334524e-01 -2.374042359302653837e-01 -5.868636284334871611e-01
8.098239194051168877e-01 -4.739387268901125161e-01 -3.457850527612697511e-01 3.435494753556100900e-01 8.608702317450783736e-01 -3.753347866612687378e-01 4.755617494523921018e-01 1.851608145611658429e-01 8.599747061447945429e-01
5.331494036699289119e-01 7.942768746170201233e-01 2.913347899153437837e-01 -6.700882349909682567e-01 6.066692688680586087e-01 -4.277080260385396349e-01 -5.164624581642773826e-01 3.281226386145261187e-02 8.556809479281388686e-01
6.824465607210350448e-01 -7.091495722612075614e-01 -1.771258759238102665e-01 -7.175328110234588941e-01 -6.037724896077205639e-01 -3.472829478936000913e-01 1.393318228718906371e-01 3.640956810436538071e-01 -9.208805450114334601e-01
6.103924867554290090e-01 -5.520248386943974461e-01 -5.680577343694459547e-01 6.479986932213451789e-01 -6.443829604218831442e-02 7.589106664071922914e-01 -4.555422106632409096e-01 -8.313340384391849636e-01 3.183787223362193330e-01
9.524574778549470544e-01 2.319524072732385700e-01 -1.975419794330883216e-01 -3.046696144960315267e-01 7.274305265584817271e-01 -6.148343313720289194e-01 1.085762880442153744e-03 6.457885952778973371e-01 7.635154951459517392e-01
8.120441565746596702e-01 -1.172465027208592359e-01 -5.716970748330597596e-01 -5.654321710490880504e-01 -4.005641337562679816e-01 -7.209957244608355964e-01 -1.444671163817717874e-01 9.087362831690048992e-01 -3.915707087315358770e-01
1.742993961639840439e-01 -7.159679953896632698e-01 -6.760248146884683118e-01 9.606159582031653654e-01 2.745218567982942171e-01 -4.306658780808347853e-02 2.164178859112275422e-01 -6.418937448812881419e-01 7.356192758077990668e-01
6.638146824545654301e-01 1.247459096232734210e-01 7.374201823858679283e-01 -6.461960912141668789e-01 5.920743929211740308e-01 4.815376672146796100e-01 -3.765377524993698266e-01 -7.961698130922105765e-01 4.736379943199636733e-01
4.793169634308047655e-01 -5.989118799634096657e-01 6.415292733821011950e-01 -8.741516363441053095e-01 -2.606646653765156696e-01 4.097717033923550800e-01 -7.819312785913939967e-02 -7.572043926595006802e-01 -6.484807957779172849e-01
2.861943467606956615e-01 -8.547960998486701101e-01 -4.329161853820219230e-01 5.054991388882366099e-01 5.185198221299118782e-01 -6.896432517190433931e-01 8.139799852978389927e-01 -2.146675899773858864e-02 5.804961341754679705e-01
9.291201609421744223e-01 1.614850312410288646e-01 3.326534401082784087e-01 -2.644441936151938899e-01 9.189752834947615412e-01 2.924956355040747025e-01 -2.584666225917727211e-01 -3.597318626571833211e-01 8.965422421699914546e-01
-5.894360379230190183e-01 8.078062188244089503e-01 3.777568824603672049e-03 -4.200161457274630417e-01 -3.024741095172764904e-01 -8.556259991374604024e-01 -6.900373863247265538e-01 -5.059234387734392602e-01 5.175807952134604539e-01
4.545770885980021658e-01 -3.967769843436481092e-01 -7.974507478314409870e-01 4.703426698259896566e-01 -6.533684707467166675e-01 5.932009898635174361e-01 -7.563976754741676967e-01 -6.447306927153827472e-01 -1.103851910720750062e-01
9.937746405794863902e-01 -3.389721160477240924e-02 -1.061270125205354825e-01 1.137550151852803441e-02 9.784838382731969597e-01 -2.060096507529546872e-01 1.108267192797593309e-01 2.035199186408389038e-01 9.727780224748665550e-01
2.155471864873658161e-01 9.430990069206248716e-01 -2.531870327301774526e-01 -5.727717622303534206e-01 -8.788634705057241092e-02 -8.149898762522403972e-01 -7.908678263710797740e-01 3.206871577525948203e-01 5.212368253142193320e-01
-6.829556319031984124e-01 -6.047324923964534360e-01 -4.097196816015510890e-01 5.934908561510574554e-01 -1.323902792658961936e-01 -7.938774575594036431e-01 4.258405904992944024e-01 -7.853479652968302638e-01 4.493198914886150641e-01
9.050673775727077208e-01 -4.072887306174880484e-01 1.223475866768812259e-01 -2.943176148273080051e-03 2.816893026893843022e-01 9.595011591783143556e-01 -4.252580155244836679e-01 -8.687732884143962719e-01 2.537490759979519339e-01
8.613411629826599469e-01 4.086736490164820657e-01 -3.017900753027377148e-01 -4.703870276916688464e-01 4.171575371041279512e-01 -7.776346400570227635e-01 -1.919047814179626055e-01 8.117668617508179141e-01 5.515497412130230259e-01
1.812254691761122638e-01 -9.776967538159211379e-01 -1.061432376541630029e-01 -2.063256334090060040e-01 6.772941419303402100e-02 -9.761364963218213120e-01 9.615545030419599959e-01 1.988008652669264187e-01 -1.894496071488434019e-01
8.468176958053713621e-01 -4.665606906720420888e-01 -2.553838522508984354e-01 5.231535186363412970e-01 6.439897876625977347e-01 5.582002770732898966e-01 -9.596971402112705607e-02 -6.062988333370842309e-01 7.894248150931117980e-01
-2.825638879723491037e-02 4.594566805786369779e-01 8.877506041472458254e-01 -9.300546490120683574e-01 3.133881155212070446e-01 -1.917973902353860005e-01 -3.663330811477143456e-01 -8.310760781792043694e-01 4.184646053552141254e-01
8.920301722810139999e-01 -2.522180265337699012e-01 -3.750576473446649572e-01 -2.005273060218287218e-01 5.228247604429085982e-01 -8.285185993129201565e-01 4.050567506904833026e-01 8.142728885080393608e-01 4.157988597397085373e-01
7.149817706381721427e-01 -5.744304876762476031e-01 -3.985356727861794623e-01 5.724771674241464492e-01 8.082377324488685399e-01 -1.379190364813250025e-01 4.013364678584916967e-01 -1.295429761659800116e-01 9.067235835098425012e-01
4.339664026977558819e-01 7.443093794941599839e-01 5.076186648721540129e-01 -7.390304060533137154e-01 6.163483015724474656e-01 -2.719353417219502189e-01 -5.152739274000225356e-01 -2.571348260072491287e-01 8.175417181991253557e-01
6.959606482881062206e-01 -2.624591227087213485e-01 -6.683965775954925359e-01 -3.729993724026313129e-01 -9.275166282237032878e-01 -2.417379895207369400e-02 -6.136043059021358825e-01 2.661355167494569018e-01 -7.434121619282654247e-01
7.570299861586652357e-01 -5.371290212068176029e-01 -3.720188363967840139e-01 2.391265721785829912e-01 -3.021078260292406892e-01 9.227943129051061621e-01 -6.080494079716977085e-01 -7.875425550592756174e-01 -1.002628616985168364e-01
8.790094904532954612e-01 4.739208272469054850e-01 5.235804804083919739e-02 -4.159230005713153155e-01 8.158265578200978307e-01 -4.017898519763338783e-01 -2.331316651353729230e-01 3.314001766098193524e-01 9.142338593894829835e-01
7.042815142871968748e-01 9.417622873554834517e-02 -7.036464926186177804e-01 -4.994602077215373193e-01 -6.386406018225267989e-01 -5.853867803482747378e-01 -5.045067388411096365e-01 7.637205114732156241e-01 -4.027454913701680184e-01
1.250066930361835027e-01 -6.340441982527835751e-01 -7.631259931087017723e-01 9.913643311875157682e-01 4.910426809867152187e-02 1.215957799581197096e-01 -3.962435545579312546e-02 -7.717361761097367712e-01 6.347071647131724559e-01
6.721240505975865087e-01 -1.161854394518004319e-01 7.312661651325630396e-01 -6.505127721353662906e-01 3.790750499662743911e-01 6.581301085513620031e-01 -3.536698939647732187e-01 -9.180430546289528593e-01 1.792053457642583947e-01
8.650513218194243459e-01 1.269253256948733588e-01 -4.853618982941667048e-01 -4.957394693647623196e-01 6.777922390460466850e-02 -8.658223578314626634e-01 -7.699733198241726084e-02 9.895938250131414149e-01 1.215544008394990882e-01
1.933459726002462187e-02 -8.745921869943515947e-01 -4.844736110431916432e-01 6.745346063356618682e-01 3.690809563339332300e-01 -6.393608625238353937e-01 7.379899987156913754e-01 -3.144324317243156197e-01 5.970787282055418643e-01
9.152689207227969748e-01 5.102798834625542346e-02 3.995984824348823850e-01 -2.650635450490522738e-01 8.232525038799429762e-01 5.019926612426059975e-01 -3.033547755433488868e-01 -5.653772716166960421e-01 7.670230901963157599e-01
-6.825972008500911237e-01 4.224673080960805738e-01 5.963073326579778621e-01 -6.853162461011590434e-01 -8.669244672721010403e-02 -7.230671217184929667e-01 -2.537768788156963273e-01 -9.022226960515355998e-01 3.486997311557066270e-01
7.587660179790201020e-01 -5.340956885757535133e-01 -3.728483946660535731e-01 -2.702646584341988900e-02 5.461045614047116414e-01 -8.372809433857801853e-01 6.508023510285406710e-01 6.453771017457619052e-01 3.999308645728218981e-01
9.968120546074993316e-01 -7.736315317586431317e-02 -1.951077445576109015e-02 7.872708714791695761e-02 9.934256578961326856e-01 8.311141908811492396e-02 1.295274250420021256e-02 -8.438249086347082706e-02 9.963492468493646559e-01
-7.955893985081519126e-02 9.967833534974268606e-01 -9.660294003703162602e-03 -6.075960989404451951e-01 -5.617383038607615120e-02 -7.922572065510726791e-01 -7.902514508953255579e-01 -5.716158649110375523e-02 6.101108074666869996e-01
-6.565372874388615276e-01 -2.790661949882969894e-01 -7.007716097397038713e-01 7.399385236431307300e-01 -4.186643748008103127e-01 -5.265084258599013189e-01 -1.464574048358298630e-01 -8.642003240495810257e-01 4.813606012973569159e-01
8.465057680165910536e-01 -4.991927496801019659e-01 1.850258992180835171e-01 -2.489717928849964901e-01 -6.399965962461662272e-02 9.663938585874620735e-01 -4.705752129705428333e-01 -8.641242053285813629e-01 -1.784609949063828971e-01
6.354141525591704420e-01 7.540804614255823823e-01 -1.661671219696967683e-01 -5.855207781685417556e-01 3.302401196197388700e-01 -7.403424084343985800e-01 -5.034026947289977905e-01 5.677183466206825457e-01 6.513690243248154710e-01
-5.331987907890733958e-02 -9.973914425371033232e-01 4.865491597739324270e-02 -2.680558407397886089e-01 -3.263983850127982755e-02 -9.628503036235154244e-01 9.619267418781412005e-01 -6.438129616873888850e-02 -2.656162494339104896e-01
8.179554566623256084e-01 -5.007352369448850871e-01 -2.832191614246398759e-01 5.234325258407416248e-01 4.435392258775006091e-01 7.275241205623143026e-01 -2.386781552809299489e-01 -7.433284452984006974e-01 6.248964399018087645e-01
1.464989235243231436e-01 3.875726889816832887e-02 9.884512833285056255e-01 -9.662783911838035422e-01 2.195164118520428476e-01 1.346054072422229742e-01 -2.117643410431863105e-01 -9.748386630797731822e-01 6.960922946984637871e-02
7.449015480444423076e-01 -5.582082252751353613e-01 -3.654110848841030101e-01 -3.831543682987801347e-01 9.045021538215480827e-02 -9.192450644909030411e-01 5.461816673731882954e-01 8.247559249696273520e-01 -1.465034144753571965e-01
6.255936531923296240e-01 -6.270664949118117670e-01 -4.641338083403214743e-01 7.280979890077271532e-01 6.829570428934583770e-01 5.867704802669079789e-02 2.801890424131161517e-01 -3.746428813166451377e-01 8.838194453565633157e-01
3.795617139477939217e-01 6.093339060581198785e-01 6.961645611728360938e-01 -7.952778364110743015e-01 5.993740879015927447e-01 -9.101574405263199163e-02 -4.727219777187575689e-01 -5.190981541867473181e-01 7.120892065616346578e-01
-2.382305269081821386e-01 -6.638200722297467049e-01 7.089352070210250822e-01 -8.409107766482528667e-01 -2.242258115031476873e-01 -4.925361419962874798e-01 4.859169494531776490e-01 -7.134884001584389512e-01 -5.047960192726059780e-01
7.540150610552707189e-01 -5.403666758508191004e-01 -3.734503224416229061e-01 2.150894088433427387e-01 7.403129517020179406e-01 -6.369248619308771620e-01 6.206430809291582085e-01 3.999257295701057480e-01 6.744342643449996455e-01
8.125876810415837426e-01 5.210987367526122016e-01 2.610696596203654352e-01 -4.822325840012150477e-01 8.526755201276789986e-01 -2.009880401976777142e-01 -3.273423216557442839e-01 3.742410893827716190e-02 9.441644139254578016e-01
3.970945169549392473e-01 4.024197926847902229e-01 -8.248480193707530272e-01 -3.059919138262783278e-01 -7.892711425462091146e-01 -5.323720618296323703e-01 -8.652657934283864982e-01 4.637988507956147810e-01 -1.902780405706669953e-01
1.882894849679084270e-01 -5.319981483475788586e-01 -8.255452985786226883e-01 9.200440517889620917e-01 -1.985418264078129269e-01 3.377870422831514841e-01 -3.436073523926247986e-01 -8.231397896599321751e-01 4.520783937110167683e-01
7.097395138252531321e-01 -4.771300236861202304e-01 5.182825127402772569e-01 -6.215041571882058413e-01 -7.771619410971108977e-02 7.795465193116314362e-01 -3.316661048597990269e-01 -8.753897038864372204e-01 -3.516965470640063263e-01
7.130441975624759454e-01 3.984952373207336640e-01 -5.768617842734746759e-01 -5.353867754844607862e-01 -2.217652757891410698e-01 -8.149731057467589634e-01 -4.526908138661930869e-01 8.899560148045849717e-01 5.522063703277324542e-02
-2.017609240229387702e-01 -8.069591677771006388e-01 -5.550760588224816772e-01 8.001630359479854349e-01 1.910222041748429467e-01 -5.685504669021804736e-01 5.648288638516207882e-01 -5.588626119652967406e-01 6.071580811513699327e-01
8.982292435593600688e-01 -7.903373187882917206e-02 4.323631520378272142e-01 -2.715858720730580100e-01 6.736364856463131767e-01 6.873536202686366670e-01 -3.455797159919785089e-01 -7.348248460901346535e-01 5.836155459405734103e-01
-1.573018188256036787e-01 -2.033861925447683627e-01 9.663799431260456929e-01 -9.860485212799083854e-01 -2.160417545775183967e-02 -1.650502144333556021e-01 5.444677654244511888e-02 -9.788602128419221504e-01 -1.971502783137877302e-01
3.793054406888967112e-01 -8.652908723142584968e-01 -3.277180021808863142e-01 1.408023964090479030e-01 4.040395659189827127e-01 -9.038399827057161939e-01 9.144955264129350780e-01 2.966879428989820933e-01 2.750894340193733578e-01
9.884586191412582101e-01 -1.490567488978608857e-01 2.704891593682127657e-02 1.318360545596796995e-01 9.343432423886275373e-01 3.310920719691784475e-01 -7.462447965308925679e-02 -3.237047899100452542e-01 9.432106848556155443e-01
-3.017590898862612114e-01 8.997675598877308278e-01 3.152138795241958835e-01 -6.899863345635581791e-01 2.205379416053887542e-02 -7.234863428418465414e-01 -6.579212033264780768e-01 -4.358118496975539879e-01 6.141723877517090147e-01
3.016510993703702681e-02 -1.539934202676076502e-01 -9.876113064646286910e-01 6.018596804259677135e-01 -7.860648668269138994e-01 1.409501692724726973e-01 -7.980319487464387906e-01 -5.986552026456218867e-01 6.897069758448759469e-02
9.271187415997399484e-01 -2.666393459464391769e-01 -2.633520422699807684e-01 1.549200152786923690e-01 9.125309174673099655e-01 -3.785328433997759423e-01 3.412486305328774616e-01 3.101463910148314906e-01 8.873322874210713973e-01
4.067583364558207126e-01 9.129309640929061942e-01 3.323718586298135547e-02 -6.586617003510006896e-01 3.182906205676175881e-01 -6.818033773379312823e-01 -6.330184991091665214e-01 2.554371462005435856e-01 7.307800244440867399e-01
-3.290127705800824920e-01 -9.235846613857334741e-01 1.968297996956189233e-01 -2.925784903544406124e-01 -9.847931351396388422e-02 -9.511570069088144397e-01 8.978576857036608683e-01 -3.705309677514391775e-01 -2.378200541587012218e-01
8.055176425205032853e-01 -5.176198534578919652e-01 -2.884631950430437408e-01 4.443409103165893992e-01 2.055499051559180890e-01 8.719577925045556288e-01 -3.920490823956043203e-01 -8.305533840739098839e-01 3.955737519049274953e-01
9.486950423808422350e-01 9.588950081695764294e-02 -3.013020414718206585e-01 -2.946934705009655042e-01 6.135153306833520670e-01 -7.326354464947719691e-01 1.146013743639605481e-01 7.838393602324216225e-01 6.102969624242934321e-01
6.922572904953030459e-01 -6.527060663487743719e-01 -3.078224077412347048e-01 -5.216968218194829587e-01 -1.579176614216570851e-01 -8.383879998631693642e-01 4.986103387010264454e-01 7.409701769724772458e-01 -4.498343328135632202e-01
5.490899784420724128e-01 -6.431929626489990559e-01 -5.336693811464997550e-01 8.267358904432901001e-01 5.116064631288983477e-01 2.340226363787909769e-01 1.225069917491448113e-01 -5.697031153886582544e-01 8.126686885127495374e-01
3.713943986214401916e-01 3.999651363379159719e-01 8.379105503493862184e-01 -8.348768787936815539e-01 5.387356172600441528e-01 1.128916823825368287e-01 -4.062595204156318474e-01 -7.414794834718163585e-01 5.340050352403330480e-01
5.140536943677944670e-01 -7.024988506943573574e-01 4.921830595214847781e-01 -8.573847422693229303e-01 -4.038977343903074058e-01 3.189953351980934215e-01 -2.530223370750439571e-02 -5.859709761818278073e-01 -8.099369185571969609e-01
5.258684790011729504e-01 -7.243984464956454428e-01 -4.457681387309871957e-01 5.408480431809836730e-01 6.892697808173763319e-01 -4.820690442657222796e-01 6.564645740482070169e-01 1.241208953648084701e-02 7.542547335304198297e-01
7.661945112520173184e-01 4.743045589952961105e-01 4.335679372872956461e-01 -5.273466669311523969e-01 8.496467083705931955e-01 2.442095743518807316e-03 -3.672212736265246247e-01 -2.305117269713061467e-01 9.011175727533112800e-01
-2.545737961146310457e-01 6.827738308198650907e-01 -6.848445650506050919e-01 -9.225657232610173786e-02 -7.220936090027432197e-01 -6.856161788493851938e-01 -9.626426684883778728e-01 -1.113585011795669155e-01 2.468164844993449014e-01
4.425956354788147529e-01 -4.697329059945767882e-01 -7.638455998963364912e-01 6.353122880889670032e-01 -4.368935577685006955e-01 6.367906373240291851e-01 -6.328407383048799684e-01 -7.671212526102192397e-01 1.050599054609443472e-01
9.819247233011324516e-01 1.752848814658776178e-01 -7.140761933776905435e-02 -1.892533518189431496e-01 9.145489000210083042e-01 -3.574681500436914239e-01 2.646997410240617410e-03 3.645209456257034186e-01 9.311914269390870746e-01
4.494039175450242896e-01 6.593843390939566618e-01 -6.027009310203619297e-01 -4.855954753751556829e-01 -3.859750177679623917e-01 -7.843598153616729851e-01 -7.498220810234661471e-01 6.451632188963093428e-01 1.467353665378300365e-01
-3.474776824027994149e-01 -6.664234754329237953e-01 -6.596506739357450577e-01 8.920387647449069535e-01 -1.810856872881272395e-02 -4.515959720048159376e-01 2.890088275889857172e-01 -7.453534940754602545e-01 6.007678973157127844e-01
8.727643244318636917e-01 -2.232397888387765428e-01 4.341041703073251767e-01 -2.983832472919012990e-01 4.598374549591796034e-01 8.363713007703006408e-01 -3.863287094360614571e-01 -8.594844452902468124e-01 3.347187126074433472e-01
9.063138897745527389e-01 1.756584856447034326e-01 -3.843686116512760043e-01 -4.225351327309546656e-01 3.600941387180274234e-01 -8.317429127254147847e-01 -7.693816332250774659e-03 9.162293968662715837e-01 4.005802010937560276e-01
4.890214505225443098e-02 -9.619260915400880130e-01 -2.688991904482023743e-01 2.266139752801052398e-01 2.728859259085605338e-01 -9.349756027024318517e-01 9.727562317544085069e-01 -1.521400195339572825e-02 2.313306026610527644e-01
9.720653312991505146e-01 -2.302462692389739829e-01 4.555927115096040231e-02 1.684731904309857697e-01 8.196189246652837435e-01 5.475779418827323441e-01 -1.634190190653390107e-01 -5.246060177238326405e-01 8.355134651073341523e-01
-3.780269219967542504e-01 6.375455713712109285e-01 6.712907646248501559e-01 -8.195249281647069006e-01 1.068608225088713004e-01 -5.629917021851738035e-01 -4.306675496973178530e-01 -7.629655359435862927e-01 4.820882207646485229e-01
